Sistema de Informações Hidrológicas
Versão Web 3.0
© 2018 Agência Nacional de Águas (ANA)

NivelConsistencia: 1 = Bruto, 2 = Consistido
TipoMedicaoChuvas: 1 = Pluviômetro, 2 = Pluviógrafo, 3 = Data logger
Status: 0 = Branco, 1 = Real, 2 = Estimado, 3 = Duvidoso, 4 = Acumulado

Restrições da consulta:
Código da Estação:00834017


EstacaoCodigo;NivelConsistencia;Data;TipoMedicaoChuvas;Maxima;Total;DiaMaxima;NumDiasDeChuva;MaximaStatus;TotalStatus;NumDiasDeChuvaStatus;TotalAnual;TotalAnualStatus;Chuva01;Chuva02;Chuva03;Chuva04;Chuva05;Chuva06;Chuva07;Chuva08;Chuva09;Chuva10;Chuva11;Chuva12;Chuva13;Chuva14;Chuva15;Chuva16;Chuva17;Chuva18;Chuva19;Chuva20;Chuva21;Chuva22;Chuva23;Chuva24;Chuva25;Chuva26;Chuva27;Chuva28;Chuva29;Chuva30;Chuva31;Chuva01Status;Chuva02Status;Chuva03Status;Chuva04Status;Chuva05Status;Chuva06Status;Chuva07Status;Chuva08Status;Chuva09Status;Chuva10Status;Chuva11Status;Chuva12Status;Chuva13Status;Chuva14Status;Chuva15Status;Chuva16Status;Chuva17Status;Chuva18Status;Chuva19Status;Chuva20Status;Chuva21Status;Chuva22Status;Chuva23Status;Chuva24Status;Chuva25Status;Chuva26Status;Chuva27Status;Chuva28Status;Chuva29Status;Chuva30Status;Chuva31Status
834017;1;01/12/2019;1;6,1;20,9;16;9;1;1;1;;0;0,0;0,0;0,0;0,0;0,0;0,0;0,0;0,0;0,0;0,0;0,0;0,0;0,0;0,0;2,9;6,1;3,5;0,0;1,5;0,8;0,0;0,0;5,0;0,0;0,5;0,3;0,0;0,0;0,0;0,0;0,3;1;1;1;1;1;1;1;1;1;1;1;1;1;1;1;1;1;1;1;1;1;1;1;1;1;1;1;1;1;1;1;
834017;1;01/11/2019;1;3,0;4,6;27;6;1;1;1;;0;0,0;0,0;0,0;0,4;0,0;0,0;0,0;0,0;0,3;0,0;0,0;0,0;0,0;0,0;0,0;0,0;0,0;0,0;0,0;0,0;0,0;0,0;0,0;0,0;0,0;0,5;3,0;0,1;0,3;0,0;;1;1;1;1;1;1;1;1;1;1;1;1;1;1;1;1;1;1;1;1;1;1;1;1;1;1;1;1;1;1;0;
834017;1;01/10/2019;1;16,3;53,1;14;13;1;1;1;;0;0,0;0,0;0,0;0,0;0,0;0,3;0,0;0,2;3,9;9,1;2,5;0,0;1,1;16,3;6,3;0,0;0,0;8,0;2,7;0,0;0,0;0,0;0,0;0,0;0,0;1,5;0,2;0,0;0,0;0,0;1,0;1;1;1;1;1;1;1;1;1;1;1;1;1;1;1;1;1;1;1;1;1;1;1;1;1;1;1;1;1;1;1;
834017;1;01/09/2019;1;24,8;87,3;2;17;1;1;1;;0;8,8;24,8;2,8;0,0;7,2;5,8;1,6;3,0;2,2;0,0;0,0;1,1;0,0;0,0;0,0;2,0;0,2;12,8;0,0;0,3;12,0;0,0;1,7;0,2;0,0;0,0;0,0;0,0;0,0;0,8;;1;1;1;1;1;1;1;1;1;1;1;1;1;1;1;1;1;1;1;1;1;1;1;1;1;1;1;1;1;1;0;
834017;1;01/08/2019;1;32,6;137,9;2;27;1;1;1;;0;5,8;32,6;0,9;0,8;1,3;7,6;0,4;3,4;3,4;0,0;0,3;2,4;2,1;12,7;14,6;5,6;10,0;3,2;3,6;0,4;0,0;0,0;3,3;5,7;7,5;1,9;3,5;4,5;0,1;0,0;0,3;1;1;1;1;1;1;1;1;1;1;1;1;1;1;1;1;1;1;1;1;1;1;1;1;1;1;1;1;1;1;1;
834017;1;01/07/2019;1;120,0;385,8;24;25;1;1;1;;0;7,9;3,3;2,2;1,6;3,1;0,0;0,0;0,0;2,5;1,4;5,5;1,1;0,0;35,0;14,3;0,0;1,0;0,0;9,3;6,9;25,4;10,3;48,0;120,0;16,5;9,0;2,9;21,9;9,2;1,5;26,0;1;1;1;1;1;1;1;1;1;1;1;1;1;1;1;1;1;1;1;1;1;1;1;1;1;1;1;1;1;1;1;
834017;1;01/06/2019;1;171,8;438,8;14;24;1;1;1;;0;2,9;2,9;0,0;11,4;2,2;2,2;0,0;0,0;0,2;0,0;4,1;1,2;22,3;171,8;0,3;2,2;119,4;38,7;0,3;3,6;0,0;0,0;3,5;6,2;8,9;0,6;17,6;0,3;7,8;8,2;;1;1;1;1;1;1;1;1;1;1;1;1;1;1;1;1;1;1;1;1;1;1;1;1;1;1;1;1;1;1;0;
834017;1;01/05/2019;1;25,1;123,5;21;17;1;1;1;;0;0,3;0,0;0,0;0,0;0,0;0,0;0,0;10,8;22,0;9,3;2,6;0,0;0,7;0,3;0,8;0,0;0,0;0,0;2,2;0,2;25,1;2,6;0,0;0,0;0,0;0,0;24,8;2,6;4,1;13,7;1,4;1;1;1;1;1;1;1;1;1;1;1;1;1;1;1;1;1;1;1;1;1;1;1;1;1;1;1;1;1;1;1;
834017;1;01/04/2019;1;70,0;197,9;13;24;1;1;1;;0;13,0;13,8;4,8;3,3;0,0;1,3;0,6;29,9;2,3;1,0;0,0;0,3;70,0;0,0;0,1;0,0;0,8;0,0;0,5;4,2;23,3;0,2;7,6;5,9;2,3;4,6;0,5;0,0;2,6;5,0;;1;1;1;1;1;1;1;1;1;1;1;1;1;1;1;1;1;1;1;1;1;1;1;1;1;1;1;1;1;1;0;
834017;1;01/03/2019;1;29,9;172,4;28;20;1;1;1;;0;0,0;24,5;0,6;6,3;1,7;3,1;0,0;0,1;0,0;1,6;0,0;2,0;9,9;0,1;0,0;0,9;0,0;6,8;27,9;0,0;0,0;0,0;0,3;0,0;0,0;3,8;21,4;29,9;9,3;2,5;19,7;1;1;1;1;1;1;1;1;1;1;1;1;1;1;1;1;1;1;1;1;1;1;1;1;1;1;1;1;1;1;1;
834017;1;01/02/2019;1;20,4;68,9;5;13;1;1;1;;0;0,0;0,3;3,4;9,4;20,4;12,9;3,8;0,0;0,0;0,0;0,0;0,0;0,5;0,9;0,0;1,7;0,0;0,1;0,0;0,2;0,0;15,1;0,0;0,0;0,0;0,2;0,0;0,0;;;;1;1;1;1;1;1;1;1;1;1;1;1;1;1;1;1;1;1;1;1;1;1;1;1;1;1;1;1;0;0;0;
834017;1;01/01/2019;1;73,2;152,1;29;19;1;1;1;;0;0,0;0,3;0,0;0,0;0,0;0,3;10,1;13,3;2,4;0,0;2,4;11,4;10,1;0,3;0,5;0,0;0,1;0,0;0,3;0,0;0,0;23,1;0,0;0,1;0,0;2,0;0,0;0,3;73,2;1,1;0,8;1;1;1;1;1;1;1;1;1;1;1;1;1;1;1;1;1;1;1;1;1;1;1;1;1;1;1;1;1;1;1;
834017;1;01/12/2018;1;23,2;42,0;10;10;1;1;1;;0;0,0;0,0;0,0;0,0;0,0;0,0;0,0;0,0;0,4;23,2;0,0;3,4;0,1;0,0;0,0;0,0;11,2;1,0;0,3;0,0;0,0;0,0;0,2;0,0;0,0;0,0;0,0;2,1;0,0;0,0;0,1;1;1;1;1;1;1;1;1;1;1;1;1;1;1;1;1;1;1;1;1;1;1;1;1;1;1;1;1;1;1;1;
834017;1;01/11/2018;1;7,7;27,7;28;14;1;1;1;;0;0,0;0,0;0,0;0,0;0,0;0,0;0,0;5,5;0,0;0,2;0,0;0,0;0,5;0,0;0,0;0,4;0,0;0,5;0,0;5,1;0,2;0,0;0,0;0,5;0,2;0,1;5,4;7,7;0,1;1,3;;1;1;1;1;1;1;1;1;1;1;1;1;1;1;1;1;1;1;1;1;1;1;1;1;1;1;1;1;1;1;0;
834017;1;01/10/2018;1;10,9;15,3;8;9;1;1;1;;0;0,1;0,0;0,0;0,7;0,0;0,0;0,2;10,9;0,2;0,0;0,0;0,0;0,0;0,0;0,0;0,2;1,1;0,0;0,0;0,0;0,0;0,0;0,0;0,1;0,0;0,0;0,0;0,0;0,0;0,0;1,8;1;1;1;1;1;1;1;1;1;1;1;1;1;1;1;1;1;1;1;1;1;1;1;1;1;1;1;1;1;1;1;
834017;1;01/09/2018;1;16,2;41,7;2;14;1;1;1;;0;0,0;16,2;0,0;0,0;0,0;0,0;0,0;0,0;1,6;1,4;3,3;0,1;0,3;0,0;0,0;0,0;0,3;1,1;1,5;0,5;8,3;0,0;0,0;1,1;0,0;0,0;0,0;2,3;3,7;0,0;;1;1;1;1;1;1;1;1;1;1;1;1;1;1;1;1;1;1;1;1;1;1;1;1;1;1;1;1;1;1;0;
834017;1;01/08/2018;1;26,8;102,5;28;22;1;1;1;;0;20,6;0,2;0,1;0,0;0,0;0,0;1,2;1,0;1,0;6,0;0,0;3,9;7,9;0,0;0,0;2,4;0,0;0,0;0,0;1,7;4,7;0,7;4,4;0,1;4,8;1,5;0,2;26,8;7,2;4,8;1,3;1;1;1;1;1;1;1;1;1;1;1;1;1;1;1;1;1;1;1;1;1;1;1;1;1;1;1;1;1;1;1;
834017;1;01/07/2018;1;21,8;90,9;31;22;1;1;1;;0;0,0;3,1;0,1;0,0;0,0;4,6;4,6;0,0;1,2;0,0;0,2;5,3;0,4;0,0;0,0;0,0;1,4;10,6;0,1;7,3;0,2;0,0;1,1;0,6;0,3;4,7;6,3;16,7;0,1;0,2;21,8;1;1;1;1;1;1;1;1;1;1;1;1;1;1;1;1;1;1;1;1;1;1;1;1;1;1;1;1;1;1;1;
834017;1;01/06/2018;1;47,4;155,5;20;23;1;1;1;;0;0,1;0,0;8,6;0,0;0,0;1,4;21,9;5,3;0,0;0,0;3,2;0,1;0,0;1,8;2,7;2,9;1,4;13,5;0,3;47,4;0,1;0,4;0,0;4,9;2,2;1,7;11,5;10,8;11,5;1,8;;1;1;1;1;1;1;1;1;1;1;1;1;1;1;1;1;1;1;1;1;1;1;1;1;1;1;1;1;1;1;0;
834017;1;01/05/2018;1;35,3;185,2;6;22;1;1;1;;0;27,5;0,5;1,5;8,3;18,5;35,3;0,0;0,0;3,5;1,7;0,9;21,7;0,4;0,0;10,1;1,7;19,6;1,7;0,0;0,0;0,0;0,0;0,9;6,7;3,6;0,0;15,0;2,4;1,3;0,0;2,4;1;1;1;1;1;1;1;1;1;1;1;1;1;1;1;1;1;1;1;1;1;1;1;1;1;1;1;1;1;1;1;
834017;1;01/04/2018;1;81,5;521,6;8;25;1;1;1;;0;2,9;9,0;2,3;0,0;0,0;4,5;63,3;81,5;8,5;0,7;53,8;17,7;18,2;1,7;17,0;14,7;8,8;3,1;9,8;22,9;14,4;50,6;56,3;15,9;12,7;0,0;0,0;3,9;0,0;27,4;;1;1;1;1;1;1;1;1;1;1;1;1;1;1;1;1;1;1;1;1;1;1;1;1;1;1;1;1;1;1;0;
834017;1;01/03/2018;1;35,1;143,2;6;15;1;1;1;;0;4,2;0,1;0,5;0,5;0,0;35,1;5,6;0,0;0,0;0,0;0,0;0,0;0,0;0,0;2,3;3,4;0,0;0,0;0,0;0,0;0,0;0,0;0,0;0,0;12,6;3,7;0,7;6,4;14,6;30,9;22,6;1;1;1;1;1;1;1;1;1;1;1;1;1;1;1;1;1;1;1;1;1;1;1;1;1;1;1;1;1;1;1;
834017;1;01/02/2018;1;15,7;95,1;19;;1;1;0;;0;0,0;0,0;0,0;0,0;0,0;0,0;0,0;0,7;9,1;;11,3;1,2;2,7;5,7;5,4;0,9;1,3;15,2;15,7;5,1;14,1;0,0;4,3;0,0;0,0;2,4;0,0;0,0;;;;1;1;1;1;1;1;1;1;1;0;4;1;1;1;1;1;1;1;1;1;1;1;1;1;1;1;1;1;0;0;0;
834017;1;01/01/2018;1;28,8;81,6;20;17;3;3;3;;0;0,0;0,0;0,0;0,0;0,0;0,0;0,6;0,3;0,0;7,3;6,0;0,2;0,3;6,1;0,0;2,0;9,3;0,0;10,2;28,8;0,9;0,6;4,5;2,6;1,2;0,0;0,0;0,0;0,7;0,0;0,0;1;1;1;1;1;1;1;1;1;1;1;1;1;1;3;1;1;1;1;1;1;1;1;1;1;1;1;1;1;1;1;
834017;1;01/12/2017;1;10,7;21,7;20;7;1;1;1;;0;0,0;0,3;0,0;0,0;0,6;0,0;0,0;0,0;0,0;0,0;0,0;0,0;0,0;0,0;0,0;0,0;0,0;0,0;0,0;10,7;0,0;4,3;0,5;5,0;0,0;0,3;0,0;0,0;0,0;0,0;0,0;1;1;1;1;1;1;1;1;1;1;1;1;1;1;1;1;1;1;1;1;1;1;1;1;1;1;1;1;1;1;1;
834017;1;01/11/2017;1;5,0;7,4;25;8;2;2;2;;0;0,0;0,0;0,0;0,0;0,0;0,0;0,0;0,6;0,4;0,5;0,0;0,0;0,0;0,0;0,1;0,0;0,0;0,0;0,0;0,0;0,4;0,2;0,2;0,0;5,0;0,0;0,0;0,0;0,0;0,0;;1;1;1;1;1;1;1;1;1;1;1;1;1;1;1;1;1;1;1;1;1;1;1;2;3;1;1;1;1;1;0;
834017;1;01/10/2017;1;5,5;23,9;19;18;1;1;1;;0;0,2;0,0;0,0;0,0;5,3;0,2;0,0;0,6;1,5;0,3;1,8;0,0;0,7;0,0;0,0;0,4;0,3;1,4;5,5;0,6;0,5;0,7;2,3;0,0;0,0;0,0;0,6;0,0;0,0;0,0;1,0;1;1;1;1;1;1;1;1;1;1;1;1;1;1;1;1;1;1;1;1;1;1;1;1;1;1;1;1;1;1;1;
834017;1;01/09/2017;1;7,3;54,3;12;23;3;3;3;;0;0,0;0,0;4,6;2,6;0,0;1,0;0,1;7,1;0,0;4,0;1,0;7,3;1,9;1,1;1,5;4,1;3,0;0,2;2,0;4,9;0,3;0,0;0,4;0,7;4,1;0,0;1,6;0,2;0,6;0,0;;1;1;1;1;1;1;1;1;3;1;1;1;1;1;1;1;1;1;1;1;1;1;1;1;1;1;1;1;1;1;0;
834017;1;01/08/2017;1;29,0;165,0;1;23;1;1;1;;0;29,0;6,0;1,5;0,0;0,0;0,0;1,0;0,5;0,2;0,0;0,0;0,0;0,7;8,5;0,0;0,7;1,1;24,0;18,3;2,9;1,4;1,5;9,0;5,1;2,9;15,5;21,3;10,2;1,5;2,2;0,0;1;1;1;1;1;1;1;1;1;1;1;1;1;1;1;1;1;1;1;1;1;1;1;1;1;1;1;1;1;1;1;
834017;1;01/07/2017;1;68,1;378,7;21;;2;2;2;;0;34,4;13,4;;8,2;8,7;23,1;13,0;5,6;6,6;17,7;0,3;2,4;1,3;1,8;0,1;0,0;12,8;2,5;4,3;19,1;68,1;32,7;22,3;2,4;3,5;2,4;9,3;38,3;21,7;1,5;1,2;1;1;2;4;1;1;1;1;1;1;1;1;1;1;1;1;1;1;1;1;1;1;1;1;1;1;1;1;1;1;1;
834017;1;01/06/2017;1;75,9;444,3;30;29;1;1;1;;0;11,3;3,8;4,3;23,6;2,1;37,5;1,4;1,9;4,1;26,6;4,0;0,0;11,4;6,8;14,5;38,3;12,5;2,1;9,4;2,8;5,8;1,6;3,3;55,5;9,7;1,9;1,3;16,4;54,5;75,9;;1;1;1;1;1;1;1;1;1;1;1;1;1;1;1;1;1;1;1;1;1;1;1;1;1;1;1;1;1;1;0;
834017;1;01/05/2017;1;80,4;385,4;31;22;1;1;1;;0;0,2;0,1;45,0;0,5;0,0;5,9;16,9;13,6;30,1;15,7;2,2;0,1;0,0;0,0;0,0;0,0;0,0;0,0;0,0;14,8;1,4;12,9;0,0;8,9;39,0;7,5;0,8;39,1;49,2;1,1;80,4;1;1;1;1;1;1;1;1;1;1;1;1;1;1;1;1;1;1;1;1;1;1;1;1;1;1;1;1;1;1;1;
834017;1;01/04/2017;1;39,2;252,6;13;20;1;1;1;;0;0,0;0,9;33,1;4,3;5,5;6,6;2,3;0,0;0,0;6,6;21,8;31,6;39,2;12,7;6,0;0,1;32,4;0,0;0,8;0,0;0,0;0,5;24,4;0,0;0,0;0,0;0,0;0,5;1,5;21,8;;1;1;1;1;1;1;1;1;1;1;1;1;1;1;1;1;1;1;1;1;1;1;1;1;1;1;1;1;1;1;0;
834017;1;01/03/2017;1;46,3;147,4;5;22;1;1;1;;0;1,1;5,6;0,1;35,5;46,3;0,0;0,1;2,4;13,3;1,2;0,0;5,8;11,5;13,0;0,1;0,5;1,9;0,5;0,1;0,0;0,1;0,0;6,0;0,0;0,0;0,0;0,2;0,0;0,0;0,4;1,7;1;1;1;1;1;1;1;1;1;1;1;1;1;1;1;1;1;1;1;1;1;1;1;1;1;1;1;1;1;1;1;
834017;1;01/02/2017;1;5,9;19,4;24;11;1;1;1;;0;1,8;0,4;0,0;0,0;0,0;0,0;0,0;0,0;0,0;0,0;0,0;0,0;0,0;0,0;0,0;1,4;0,5;0,4;0,0;2,6;1,0;3,9;0,5;5,9;0,0;0,0;1,0;0,0;;;;1;1;1;1;1;1;1;1;1;1;1;1;1;1;1;1;1;1;1;1;1;1;1;1;1;1;1;1;0;0;0;
834017;1;01/01/2017;1;4,2;6,2;10;5;1;1;1;;0;0,0;0,4;0,0;0,0;0,0;0,0;0,3;0,0;0,0;4,2;0,0;0,0;0,0;0,0;0,0;0,0;0,0;0,0;0,0;0,0;0,0;0,0;0,0;0,0;0,0;1,0;0,0;0,3;0,0;0,0;0,0;1;1;1;1;1;1;1;1;1;1;1;1;1;1;1;1;1;1;1;1;1;1;1;1;1;1;1;1;1;1;1;
834017;1;01/12/2016;1;;;;;0;0;0;;0;0,3;0,0;1,3;0,3;0,0;0,0;0,0;0,0;0,0;0,0;0,0;0,0;0,0;0,0;0,0;0,3;0,1;;0,1;0,3;6,3;0,6;1,0;1,9;0,0;0,4;0,0;2,2;3,8;1,3;0,1;1;1;1;1;1;1;1;1;1;1;1;1;1;1;1;1;1;0;3;1;1;1;1;1;1;1;1;1;1;1;1;
834017;1;01/11/2016;1;7,4;12,9;15;10;1;1;1;;0;0,0;0,0;1,1;0,0;0,1;0,4;1,9;0,3;0,0;0,2;0,0;0,0;0,0;0,1;7,4;0,7;0,7;0,0;0,0;0,0;0,0;0,0;0,0;0,0;0,0;0,0;0,0;0,0;0,0;0,0;;1;1;1;1;1;1;1;1;1;1;1;1;1;1;1;1;1;1;1;1;1;1;1;1;1;1;1;1;1;1;0;
834017;1;01/10/2016;1;;;;;0;0;0;;0;0,0;0,0;0,0;0,3;0,0;0,0;0,0;0,0;0,0;0,0;0,0;2,1;0,5;0,1;;3,1;0,2;0,0;0,2;0,0;0,1;0,1;0,2;1,5;1,0;0,2;0,0;0,0;0,0;0,1;0,0;1;1;1;1;1;1;1;1;1;1;1;1;1;1;0;3;1;1;1;1;1;1;1;1;1;1;1;1;1;1;1;
834017;1;01/09/2016;1;;47,7;;;0;1;0;;0;0,4;5,9;2,8;0,0;0,6;2,8;0,0;0,0;0,0;;32,7;2,2;0,0;0,0;0,0;0,1;0,0;0,0;0,0;0,0;0,0;0,0;0,0;0,0;0,0;0,0;0,0;0,2;0,0;0,0;;1;1;1;1;1;1;1;1;1;0;4;1;1;1;1;1;1;1;1;1;1;1;1;1;1;1;1;1;1;1;0;
834017;1;01/08/2016;1;13,2;43,2;24;14;1;1;1;;0;0,0;0,0;0,0;0,7;0,3;1,2;0,8;0,0;0,0;3,8;0,1;0,0;0,0;0,0;1,1;0,0;0,0;0,0;0,4;5,6;0,0;0,1;0,0;13,2;0,0;0,0;0,0;8,6;2,2;0,0;5,1;1;1;1;1;1;1;1;1;1;1;1;1;1;1;1;1;1;1;1;1;1;1;1;1;1;1;1;1;1;1;1;
834017;1;01/07/2016;1;;;;;0;0;0;;0;2,7;0,0;0,6;0,3;1,7;3,7;7,2;0,0;0,1;2,5;2,0;0,1;1,4;11,7;2,4;0,9;;5,3;0,0;23,8;0,0;0,7;0,0;0,9;0,2;0,6;1,4;0,3;0,4;4,6;0,9;1;1;1;1;1;1;1;1;1;1;1;1;1;1;1;1;0;1;1;1;1;1;1;1;1;1;1;1;1;1;1;
834017;1;01/06/2016;1;37,9;172,3;4;22;1;1;1;;0;3,9;0,4;18,2;37,9;12,8;3,0;0,0;1,1;0,0;1,2;0,0;0,0;2,2;14,6;0,6;0,1;0,0;0,0;2,6;6,4;0,0;25,0;4,1;0,7;0,6;1,1;10,8;24,8;0,2;0,0;;1;1;1;1;1;1;1;1;1;1;1;1;1;1;1;1;1;1;1;1;1;1;1;1;1;1;1;1;1;1;0;
834017;1;01/05/2016;1;130,8;487,9;10;23;1;1;1;;0;7,5;43,3;0,3;0,1;3,2;20,4;26,5;0,7;41,6;130,8;6,3;3,3;0,0;0,0;0,0;0,4;5,6;0,0;0,0;0,2;0,6;0,0;0,0;0,8;23,4;32,1;1,4;0,0;4,3;116,4;18,7;1;1;1;1;1;1;1;1;1;1;1;1;1;1;1;1;1;1;1;1;1;1;1;1;1;1;1;1;1;1;1;
834017;1;01/04/2016;1;67,3;218,2;16;;1;1;0;;0;0,8;3,9;0,0;2,1;6,2;9,3;3,5;0,1;0,0;;6,2;9,2;1,8;10,9;0,1;67,3;67,2;14,2;0,0;1,5;0,0;2,0;0,0;0,2;0,0;10,2;0,0;1,4;0,1;0,0;;1;1;1;1;1;1;1;1;1;0;4;1;1;1;1;1;1;1;1;1;1;1;1;1;1;1;1;1;1;1;0;
834017;1;01/03/2016;1;72,4;192,4;30;20;1;1;1;;0;0,0;0,0;0,2;22,5;0,0;0,0;0,5;0,0;0,1;0,0;0,0;0,0;0,0;0,0;16,3;8,7;33,2;10,2;0,6;0,0;0,1;4,7;4,8;0,2;3,8;1,2;0,1;1,4;8,8;72,4;2,6;1;1;1;1;1;1;1;1;1;1;1;1;1;1;1;1;1;1;1;1;1;1;1;1;1;1;1;1;1;1;1;
834017;1;01/02/2016;1;12,6;36,0;19;14;1;1;1;;0;4,8;0,5;0,1;0,0;0,0;0,0;0,0;0,0;0,0;0,0;0,0;0,0;0,0;0,0;1,3;2,5;0,1;11,5;12,6;1,2;0,2;0,7;0,0;0,2;0,2;0,0;0,0;0,1;0,0;;;1;1;1;1;1;1;1;1;1;1;1;1;1;1;1;1;1;1;1;1;1;1;1;1;1;1;1;1;1;0;0;
834017;1;01/01/2016;1;20,5;76,6;10;17;1;1;1;;0;0,0;0,0;0,0;0,0;0,0;0,0;0,2;0,0;2,1;20,5;0,9;0,7;0,0;0,7;0,0;0,4;0,0;5,0;3,0;1,0;0,4;8,5;3,1;0,0;0,0;12,9;0,0;0,0;0,2;16,9;0,1;1;1;1;1;1;1;1;1;1;1;1;1;1;1;1;1;1;1;1;1;1;1;1;1;1;1;1;1;1;1;1;
834017;1;01/12/2015;1;29,0;64,9;25;17;1;1;1;;0;0,2;0,0;0,0;0,0;0,0;0,0;0,0;0,0;0,0;0,0;0,0;0,0;0,0;0,1;0,0;0,4;2,0;3,1;10,0;0,0;1,5;2,8;5,4;4,1;29,0;0,1;0,5;3,6;1,8;0,1;0,2;1;1;1;1;1;1;1;1;1;1;1;1;1;1;1;1;1;1;1;1;1;1;1;1;1;1;1;1;1;1;1;
834017;1;01/11/2015;1;3,9;11,9;10;10;1;1;1;;0;0,0;0,1;2,1;0,0;1,0;0,0;0,0;0,0;0,0;3,9;0,0;0,0;0,0;0,0;0,2;1,0;0,4;2,8;0,3;0,0;0,0;0,0;0,0;0,1;0,0;0,0;0,0;0,0;0,0;0,0;;1;1;1;1;1;1;1;1;1;1;1;1;1;1;1;1;1;1;1;1;1;1;1;1;1;1;1;1;1;1;0;
834017;1;01/10/2015;1;5,2;10,8;18;10;1;1;1;;0;0,0;0,0;0,0;0,0;0,0;0,3;0,0;0,0;0,8;0,0;0,1;0,3;0,0;2,5;1,2;0,2;0,0;5,2;0,1;0,0;0,0;0,1;0,0;0,0;0,0;0,0;0,0;0,0;0,0;0,0;0,0;1;1;1;1;1;1;1;1;1;1;1;1;1;1;1;1;1;1;1;1;1;1;1;1;1;1;1;1;1;1;1;
834017;1;01/09/2015;1;9,2;26,8;15;13;1;1;1;;0;9,0;0,1;0,0;0,1;0,0;0,0;0,0;0,2;0,3;0,1;0,2;0,2;0,0;0,0;9,2;1,7;4,5;0,9;0,0;0,0;0,0;0,0;0,0;0,0;0,0;0,0;0,0;0,0;0,0;0,3;;1;1;1;1;1;1;1;1;1;1;1;1;1;1;1;1;1;1;1;1;1;1;1;1;1;1;1;1;1;1;0;
834017;1;01/08/2015;1;14,0;77,1;30;21;1;1;1;;0;0,4;12,7;0,1;0,0;6,1;0,1;0,0;1,6;4,3;1,1;7,5;11,7;2,9;0,7;5,0;7,2;0,1;0,4;0,0;0,3;0,1;0,4;0,0;0,0;0,0;0,0;0,0;0,0;0,0;14,0;0,4;1;1;1;1;1;1;1;1;1;1;1;1;1;1;1;1;1;1;1;1;1;1;1;1;1;1;1;1;1;1;1;
834017;1;01/07/2015;1;89,0;468,2;4;28;1;1;1;;0;7,4;3,8;16,4;89,0;61,0;0,4;0,1;6,6;0,2;0,0;12,1;0,8;4,1;0,0;3,0;10,0;2,1;6,0;6,0;4,0;28,5;17,2;15,9;15,0;0,0;3,0;16,8;52,0;62,0;8,7;16,1;1;1;1;1;1;1;1;1;1;1;1;1;1;1;1;1;1;1;1;1;1;1;1;1;1;1;1;1;1;1;1;
834017;1;01/06/2015;1;94,0;384,9;29;29;1;1;1;;0;0,1;2,5;1,4;34,1;4,4;25,0;35,1;9,9;2,0;2,0;0,1;21,0;0,1;0,6;1,0;0,0;0,1;0,9;4,4;0,2;6,7;14,5;19,8;46,6;32,8;10,8;11,5;0,2;94,0;3,1;;1;1;1;1;1;1;1;1;1;1;1;1;1;1;1;1;1;1;1;1;1;1;1;1;1;1;1;1;1;1;0;
834017;1;01/05/2015;1;;164,6;;;0;1;0;;0;0,0;0,0;0,5;5,0;0,0;2,9;0,0;0,0;0,0;0,0;0,8;0,0;0,0;0,3;1,2;0,0;0,3;0,2;6,8;11,6;16,5;1,6;5,0;3,1;1,3;1,0;7,7;15,2;2,6;;81,0;1;1;1;1;1;1;1;1;1;1;1;1;1;1;1;1;1;1;1;1;1;1;1;1;1;1;1;1;1;0;4;
834017;1;01/04/2015;1;26,5;55,2;23;9;1;1;1;;0;0,0;0,0;0,0;0,0;0,0;0,0;8,2;0,0;0,0;0,0;0,8;0,0;0,2;0,6;0,0;0,0;0,0;0,0;0,0;0,0;0,0;11,4;26,5;6,8;0,4;0,3;0,0;0,0;0,0;0,0;;1;1;1;1;1;1;1;1;1;1;1;1;1;1;1;1;1;1;1;1;1;1;1;1;1;1;1;1;1;1;0;
834017;1;01/03/2015;1;111,0;283,6;9;20;1;1;1;;0;0,0;1,8;0,0;4,9;3,2;31,4;0,0;0,6;111,0;0,6;0,4;0,1;1,4;0,0;0,0;0,0;0,0;0,4;0,2;43,5;2,0;16,3;2,7;13,6;13,8;0,0;0,0;0,0;0,0;35,6;0,1;1;1;1;1;1;1;1;1;1;1;1;1;1;1;1;1;1;1;1;1;1;1;1;1;1;1;1;1;1;1;1;
834017;1;01/02/2015;1;25,6;53,0;18;12;1;1;1;;0;2,2;0,0;0,0;0,0;0,0;0,0;0,0;0,0;0,1;1,6;0,0;0,0;0,0;0,0;0,0;0,0;2,0;25,6;0,0;0,1;0,4;15,1;1,9;0,4;3,5;0,0;0,1;0,0;;;;1;1;1;1;1;1;1;1;1;1;1;1;1;1;1;1;1;1;1;1;1;1;1;1;1;1;1;1;0;0;0;
834017;1;01/01/2015;1;12,1;52,9;2;17;1;1;1;;0;1,2;12,1;0,3;0,1;0,0;0,0;0,0;0,0;0,9;0,2;0,9;12,0;0,0;0,0;0,0;0,0;0,0;0,1;0,9;2,0;0,0;0,0;0,0;7,5;1,1;4,1;0,0;0,0;4,8;4,5;0,2;1;1;1;1;1;1;1;1;1;1;1;1;1;1;1;1;1;1;1;1;1;1;1;1;1;1;1;1;1;1;1;
834017;1;01/12/2014;1;17,9;93,0;5;22;1;1;1;;0;12,9;13,7;3,6;17,6;17,9;0,0;0,0;0,0;1,7;7,4;0,9;4,7;0,1;0,4;1,2;0,0;0,2;0,1;0,0;1,1;0,0;0,0;0,2;0,3;1,0;3,8;0,0;1,0;2,9;0,0;0,3;1;1;1;1;1;1;1;1;1;1;1;1;1;1;1;1;1;1;1;1;1;1;1;1;1;1;1;1;1;1;1;
834017;1;01/11/2014;1;12,3;40,0;29;18;1;1;1;;0;1,1;0,3;1,2;10,7;0,0;0,0;0,7;0,0;0,0;0,0;0,0;1,7;0,0;0,0;0,8;0,1;0,7;0,0;0,2;0,8;0,0;0,2;0,4;4,4;0,0;0,0;1,0;3,1;12,3;0,3;;1;1;1;1;1;1;1;1;1;1;1;1;1;1;1;1;1;1;1;1;1;1;1;1;1;1;1;1;1;1;0;
834017;1;01/10/2014;1;13,5;75,8;6;25;1;1;1;;0;0,4;0,0;0,2;0,0;0,0;13,5;0,9;9,4;1,0;13,0;3,4;1,6;5,8;0,2;0,0;0,6;0,7;0,8;0,3;0,0;0,0;3,7;5,2;3,2;1,5;0,9;3,5;0,2;1,2;0,5;4,1;1;1;1;1;1;1;1;1;1;1;1;1;1;1;1;1;1;1;1;1;1;1;1;1;1;1;1;1;1;1;1;
834017;1;01/09/2014;1;52,5;182,0;8;20;1;1;1;;0;13,7;3,8;0,1;0,0;0,0;21,7;16,7;52,5;16,9;9,4;5,5;17,2;8,6;1,2;5,0;4,5;0,0;0,2;1,9;1,2;0,0;0,0;0,0;0,0;0,0;0,0;0,0;1,3;0,3;0,3;;1;1;1;1;1;1;1;1;1;1;1;1;1;1;1;1;1;1;1;1;1;1;1;1;1;1;1;1;1;1;0;
834017;1;01/08/2014;1;38,9;150,9;21;24;1;1;1;;0;9,4;0,2;0,0;1,4;0,0;0,1;3,9;3,7;2,4;29,8;5,2;1,4;3,2;0,2;0,0;7,1;1,7;6,7;1,9;1,6;38,9;14,5;0,0;0,7;0,0;0,0;3,3;13,2;0,0;0,1;0,3;1;1;1;1;1;1;1;1;1;1;1;1;1;1;1;1;1;1;1;1;1;1;1;1;1;1;1;1;1;1;1;
834017;1;01/07/2014;1;68,9;226,1;13;26;1;1;1;;0;0,4;8,3;8,1;7,9;0,0;0,2;3,0;7,7;1,2;0,0;0,4;0,0;68,9;20,2;0,4;5,9;0,1;12,6;20,0;0,2;0,0;2,0;2,8;14,4;3,4;7,2;0,0;19,5;6,9;4,3;0,1;1;1;1;1;1;1;1;1;1;1;1;1;1;1;1;1;1;1;1;1;1;1;1;1;1;1;1;1;1;1;1;
834017;1;01/06/2014;1;83,7;348,5;26;26;1;1;1;;0;6,0;0,1;0,0;0,0;2,1;16,9;19,2;2,9;0,0;1,1;0,2;3,3;0,4;10,3;26,6;0,5;0,4;1,6;2,8;0,0;1,2;1,3;1,5;32,1;38,2;83,7;69,8;1,7;24,1;0,5;;1;1;1;1;1;1;1;1;1;1;1;1;1;1;1;1;1;1;1;1;1;1;1;1;1;1;1;1;1;1;0;
834017;1;01/05/2014;1;47,9;274,7;3;29;1;1;1;;0;18,7;14,3;47,9;0,1;12,4;21,4;30,5;0,1;2,5;0,1;0,0;1,5;1,8;31,0;8,7;8,4;1,1;0,8;0,7;0,5;4,8;4,7;8,8;0,1;0,0;0,3;0,9;26,9;12,6;12,6;0,5;1;1;1;1;1;1;1;1;1;1;1;1;1;1;1;1;1;1;1;1;1;1;1;1;1;1;1;1;1;1;1;
834017;1;01/04/2014;1;83,9;258,7;22;20;1;1;1;;0;3,7;3,7;0,1;0,0;4,8;21,5;0,6;0,2;0,0;22,3;0,2;0,0;2,1;14,8;0,2;0,1;0,0;1,3;0,0;0,0;0,1;83,9;9,7;0,2;0,0;0,0;0,0;0,0;16,7;72,5;;1;1;1;1;1;1;1;1;1;1;1;1;1;1;1;1;1;1;1;1;1;1;1;1;1;1;1;1;1;1;0;
834017;1;01/03/2014;1;23,5;155,2;20;25;1;1;1;;0;23,0;0,0;0,0;0,0;0,1;20,2;0,0;4,7;3,3;1,4;4,9;10,6;10,9;6,5;6,7;0,2;11,5;0,9;9,6;23,5;1,6;0,0;2,3;0,1;0,4;8,8;0,1;3,6;0,0;0,2;0,1;1;1;1;1;1;1;1;1;1;1;1;1;1;1;1;1;1;1;1;1;1;1;1;1;1;1;1;1;1;1;1;
834017;1;01/02/2014;1;36,0;130,7;9;18;1;1;1;;0;0,2;4,9;11,8;0,5;0,8;8,7;30,8;12,6;36,0;17,5;0,9;0,2;0,2;4,8;0,4;0,0;0,0;0,2;0,0;0,0;0,0;0,1;0,1;0,0;0,0;0,0;0,0;0,0;;;;1;1;1;1;1;1;1;1;1;1;1;1;1;1;1;1;1;1;1;1;1;1;1;1;1;1;1;1;0;0;0;
834017;1;01/01/2014;1;27,6;86,8;6;17;1;1;1;;0;2,5;0,0;0,0;1,1;0,0;27,6;0,0;0,0;0,5;20,6;1,2;12,3;6,2;0,0;2,9;0,1;0,1;0,0;0,0;0,0;0,0;0,0;4,6;0,0;0,0;1,1;4,6;0,4;0,7;0,3;0,0;1;1;1;1;1;1;1;1;1;1;1;1;1;1;1;1;1;1;1;1;1;1;1;1;1;1;1;1;1;1;1;
834017;1;01/12/2013;1;47,0;97,5;19;13;1;1;1;;0;4,0;2,9;0,1;0,0;0,0;0,0;5,3;0,0;0,2;0,0;0,0;0,0;0,0;0,0;0,0;0,0;0,0;0,0;47,0;32,5;0,1;1,7;0,6;0,0;0,0;0,0;0,4;0,1;0,0;0,0;2,6;1;1;1;1;1;1;1;1;1;1;1;1;1;1;1;1;1;1;1;1;1;1;1;1;1;1;1;1;1;1;1;
834017;1;01/11/2013;1;23,8;53,6;2;16;1;1;1;;0;0,0;23,8;4,1;7,8;0,8;1,2;0,1;0,3;0,0;0,0;0,0;0,0;0,0;0,2;0,0;0,0;0,0;0,3;0,2;0,0;13,7;0,1;0,0;0,1;0,0;0,0;0,0;0,2;0,4;0,3;;1;1;1;1;1;1;1;1;1;1;1;1;1;1;1;1;1;1;1;1;1;1;1;1;1;1;1;1;1;1;0;
834017;1;01/10/2013;1;;66,3;;;0;1;0;;0;3,8;0,2;4,4;0,0;0,9;0,0;0,0;0,0;2,4;0,3;0,0;11,9;0,4;;14,7;4,9;5,1;0,0;0,2;0,0;0,8;0,6;0,0;2,8;5,4;2,5;2,7;0,2;0,0;1,0;1,1;1;1;1;1;1;1;1;1;1;1;1;1;1;0;4;1;1;1;1;1;1;1;1;1;1;1;1;1;1;1;1;
834017;1;01/09/2013;1;43,5;142,5;4;21;1;1;1;;0;0,5;7,3;4,6;43,5;0,9;0,0;0,0;3,2;11,1;9,2;7,5;3,2;25,0;2,1;0,5;3,9;0,2;1,3;1,3;0,0;1,1;0,4;7,5;0,0;0,0;0,0;0,0;0,0;0,0;8,2;;1;1;1;1;1;1;1;1;1;1;1;1;1;1;1;1;1;1;1;1;1;1;1;1;1;1;1;1;1;1;0;
834017;1;01/08/2013;1;54,3;154,5;14;;1;1;0;;0;1,6;2,2;0,0;3,2;0,9;0,1;0,0;2,7;4,9;1,0;0,0;0,0;0,3;54,3;2,9;0,3;1,3;39,0;;9,5;2,9;5,0;2,9;0,3;0,0;1,7;3,6;0,2;0,0;10,1;3,6;1;1;1;1;1;1;1;1;1;1;1;1;1;1;1;1;1;1;0;4;1;1;1;1;1;1;1;1;1;1;1;
834017;1;01/07/2013;1;72,5;399,6;3;28;1;1;1;;0;0,0;39,0;72,5;26,5;2,2;3,5;0,4;0,6;10,9;6,0;19,7;27,0;33,4;14,7;7,7;0,0;0,0;26,0;13,5;0,5;14,5;0,2;6,9;0,8;14,1;32,0;4,3;0,7;5,2;0,9;15,9;1;1;1;1;1;1;1;1;1;1;1;1;1;1;1;1;1;1;1;1;1;1;1;1;1;1;1;1;1;1;1;
834017;1;01/06/2013;1;69,0;366,7;5;26;1;1;1;;0;0,1;27,0;7,5;5,6;69,0;9,1;0,8;18,7;45,5;3,4;0,8;35,8;31,5;30,3;2,2;0,0;7,1;0,2;6,8;5,1;7,8;29,5;0,5;0,0;0,0;11,5;3,9;4,2;2,8;0,0;;1;1;1;1;1;1;1;1;1;1;1;1;1;1;1;1;1;1;1;1;1;1;1;1;1;1;1;1;1;1;0;
834017;1;01/05/2013;1;117,0;302,0;17;24;1;1;1;;0;14,4;0,5;0,0;0,0;0,6;2,9;0,3;0,0;0,0;0,0;25,3;1,1;0,1;0,9;2,2;3,0;117,0;44,6;0,7;1,5;4,2;0,0;0,0;17,4;13,8;1,7;9,0;32,0;3,5;3,4;1,9;1;1;1;1;1;1;1;1;1;1;1;1;1;1;1;1;1;1;1;1;1;1;1;1;1;1;1;1;1;1;1;
834017;1;01/04/2013;1;26,9;169,8;30;20;1;1;1;;0;1,4;2,4;5,6;0,0;0,0;0,6;0,0;0,0;0,0;0,0;0,2;0,8;9,0;2,0;0,0;0,0;0,0;0,0;1,8;17,2;1,1;18,0;0,8;23,5;18,1;0,3;4,7;10,9;24,5;26,9;;1;1;1;1;1;1;1;1;1;1;1;1;1;1;1;1;1;1;1;1;1;1;1;1;1;1;1;1;1;1;0;
834017;1;01/03/2013;1;42,4;71,2;4;14;1;1;1;;0;0,0;0,2;0,7;42,4;10,0;1,9;0,0;0,0;1,3;0,3;2,2;0,0;0,0;5,5;2,9;0,0;2,1;0,2;0,7;0,0;0,0;0,0;0,8;0,0;0,0;0,0;0,0;0,0;0,0;0,0;0,0;1;1;1;1;1;1;1;1;1;1;1;1;1;1;1;1;1;1;1;1;1;1;1;1;1;1;1;1;1;1;1;
834017;1;01/02/2013;1;7,6;26,3;18;11;1;1;1;;0;0,0;0,0;0,2;0,0;2,3;0,0;0,0;6,9;0,1;0,6;0,3;0,0;0,0;0,0;0,0;0,0;0,0;7,6;0,4;0,0;0,0;5,0;0,0;0,0;2,8;0,1;0,0;0,0;;;;1;1;1;1;1;1;1;1;1;1;1;1;1;1;1;1;1;1;1;1;1;1;1;1;1;1;1;1;0;0;0;
834017;1;01/01/2013;1;19,7;44,9;4;10;1;1;1;;0;4,1;0,0;9,0;19,7;0,4;0,0;0,0;0,0;1,1;0,0;0,0;0,2;0,2;9,0;0,0;0,0;0,0;0,5;0,0;0,7;0,0;0,0;0,0;0,0;0,0;0,0;0,0;0,0;0,0;0,0;0,0;1;1;1;1;1;1;1;1;1;1;1;1;1;1;1;1;1;1;1;1;1;1;1;1;1;1;1;1;1;1;1;
834017;1;01/12/2012;1;7,5;18,8;17;7;1;1;1;;0;0,0;3,7;3,3;1,8;0,5;0,0;0,0;0,0;0,0;0,0;0,0;0,0;0,0;0,0;0,0;0,3;7,5;0,0;0,0;0,0;0,0;0,0;0,0;0,0;0,0;0,0;0,0;0,0;0,0;0,0;1,7;1;1;1;1;1;1;1;1;1;1;1;1;1;1;1;1;1;1;1;1;1;1;1;1;1;1;1;1;1;1;1;
834017;1;01/11/2012;1;3,1;9,5;9;4;1;1;1;;0;0,0;0,0;0,0;0,0;0,0;0,0;0,0;2,9;3,1;2,8;0,0;0,0;0,0;0,0;0,0;0,0;0,0;0,0;0,7;0,0;0,0;0,0;0,0;0,0;0,0;0,0;0,0;0,0;0,0;0,0;;1;1;1;1;1;1;1;1;1;1;1;1;1;1;1;1;1;1;1;1;1;1;1;1;1;1;1;1;1;1;0;
834017;1;01/10/2012;1;26,5;36,2;11;11;1;1;1;;0;0,0;0,0;0,0;0,1;0,1;0,0;0,1;0,0;0,0;0,0;26,5;0,0;3,0;2,8;0,0;0,0;0,0;0,0;0,9;0,3;0,0;1,4;0,0;0,0;0,0;0,4;0,0;0,6;0,0;0,0;0,0;1;1;1;1;1;1;1;1;1;1;1;1;1;1;1;1;1;1;1;1;1;1;1;1;1;1;1;1;1;1;1;
834017;1;01/09/2012;1;4,8;10,9;16;9;1;1;1;;0;0,0;0,4;1,0;0,0;1,7;1,9;0,0;0,0;0,5;0,0;0,0;0,0;0,0;0,0;0,0;4,8;0,0;0,1;0,0;0,0;0,0;0,0;0,0;0,0;0,3;0,2;0,0;0,0;0,0;0,0;;1;1;1;1;1;1;1;1;1;1;1;1;1;1;1;1;1;1;1;1;1;1;1;1;1;1;1;1;1;1;0;
834017;1;01/08/2012;1;27,0;133,4;18;26;1;1;1;;0;2,2;2,0;14,4;3,9;0,2;0,0;2,1;0,2;0,5;23,7;4,3;0,6;0,8;1,5;4,4;0,0;0,9;27,0;6,9;15,3;1,1;1,8;3,9;1,4;0,1;11,8;1,0;1,4;0,0;0,0;0,0;1;1;1;1;1;1;1;1;1;1;1;1;1;1;1;1;1;1;1;1;1;1;1;1;1;1;1;1;1;1;1;
834017;1;01/07/2012;1;96,8;239,9;2;28;1;1;1;;0;0,2;96,8;7,7;0,4;1,1;0,0;0,2;0,0;2,1;5,2;14,7;5,4;40,8;17,7;13,2;5,6;3,1;4,9;0,2;0,0;0,2;0,6;1,3;0,2;0,7;0,8;7,4;8,3;0,6;0,3;0,2;1;1;1;1;1;1;1;1;1;1;1;1;1;1;1;1;1;1;1;1;1;1;1;1;1;1;1;1;1;1;1;
834017;1;01/06/2012;1;119,1;287,7;14;23;1;1;1;;0;0,0;2,4;1,5;0,2;0,0;0,0;8,0;0,0;0,0;0,0;1,2;0,7;5,8;119,1;1,6;0,5;0,0;7,8;10,8;11,6;7,0;6,4;1,5;0,5;28,0;12,7;0,1;50,8;7,7;1,8;;1;1;1;1;1;1;1;1;1;1;1;1;1;1;1;1;1;1;1;1;1;1;1;1;1;1;1;1;1;1;0;
834017;1;01/05/2012;1;32,5;114,4;25;19;1;1;1;;0;0,0;0,6;0,0;0,1;6,3;0,4;5,1;0,0;0,0;0,0;0,0;9,3;0,2;0,0;0,0;0,0;0,0;0,0;0,7;6,9;0,0;1,0;1,7;21,8;32,5;9,6;0,2;0,1;4,7;11,1;2,1;1;1;1;1;1;1;1;1;1;1;1;1;1;1;1;1;1;1;1;1;1;1;1;1;1;1;1;1;1;1;1;
834017;1;01/04/2012;1;16,7;34,6;4;9;1;1;1;;0;0,0;0,0;0,0;16,7;3,6;0,0;2,2;0,0;1,9;3,4;0,0;0,0;0,0;0,0;0,0;0,0;1,7;0,2;0,0;4,3;0,0;0,0;0,0;0,0;0,6;0,0;0,0;0,0;0,0;0,0;;1;1;1;1;1;1;1;1;1;1;1;1;1;1;1;1;1;1;1;1;1;1;1;1;1;1;1;1;1;1;0;
834017;1;01/03/2012;1;90,3;153,4;25;16;1;1;1;;0;0,0;4,3;0,2;0,0;0,2;1,4;0,0;0,2;0,0;0,3;39,0;5,5;0,8;5,7;0,1;0,0;0,0;0,2;0,0;0,0;0,0;0,0;0,0;0,0;90,3;0,0;0,0;0,0;0,6;3,8;0,8;1;1;1;1;1;1;1;1;1;1;1;1;1;1;1;1;1;1;1;1;1;1;1;1;1;1;1;1;1;1;1;
834017;1;01/02/2012;1;58,2;114,7;19;20;1;1;1;;0;0,0;0,0;0,9;0,3;0,5;3,1;0,0;0,0;0,0;0,3;0,2;0,0;0,0;0,7;2,1;0,0;9,1;28,0;58,2;0,4;0,5;1,6;0,6;2,3;4,5;0,8;0,4;0,2;0,0;;;1;1;1;1;1;1;1;1;1;1;1;1;1;1;1;1;1;1;1;1;1;1;1;1;1;1;1;1;1;0;0;
834017;1;01/01/2012;1;86,0;218,5;23;19;1;1;1;;0;0,0;0,0;0,0;0,0;0,0;0,0;0,0;2,7;9,6;1,9;0,2;5,7;0,0;0,0;0,0;7,5;2,1;6,4;0,8;0,9;3,6;67,8;86,0;14,8;3,2;0,0;0,9;0,6;0,9;0,0;2,9;1;1;1;1;1;1;1;1;1;1;1;1;1;1;1;1;1;1;1;1;1;1;1;1;1;1;1;1;1;1;1;
834017;1;01/12/2011;1;28,8;38,9;6;7;1;1;1;;0;0,0;0,0;0,0;0,0;0,4;28,8;0,0;0,0;0,0;0,0;0,0;0,0;0,0;0,0;0,0;0,0;0,0;4,1;0,0;0,0;0,2;0,0;0,0;0,3;2,0;0,0;0,0;0,0;3,1;0,0;0,0;1;1;1;1;1;1;1;1;1;1;1;1;1;1;1;1;1;1;1;1;1;1;1;1;1;1;1;1;1;1;1;
834017;1;01/11/2011;1;8,7;51,8;3;16;1;1;1;;0;0,0;0,0;8,7;0,0;5,2;3,1;0,0;0,0;0,0;0,0;6,7;3,8;3,9;3,0;5,5;3,1;2,3;0,2;0,0;0,2;0,0;0,0;0,0;0,1;0,4;0,0;0,0;3,7;1,9;0,0;;1;1;1;1;1;1;1;1;1;1;1;1;1;1;1;1;1;1;1;1;1;1;1;1;1;1;1;1;1;1;0;
834017;1;01/10/2011;1;2,9;7,8;28;11;1;1;1;;0;0,0;0,0;0,0;0,0;0,0;0,5;0,0;0,3;0,0;0,3;0,0;0,0;0,2;1,2;1,2;0,2;0,0;0,0;0,2;0,0;0,0;0,0;0,0;0,0;0,0;0,0;0,3;2,9;0,0;0,5;0,0;1;1;1;1;1;1;1;1;1;1;1;1;1;1;1;1;1;1;1;1;1;1;1;1;1;1;1;1;1;1;1;
834017;1;01/09/2011;1;4,7;23,1;17;15;1;1;1;;0;0,0;0,1;0,6;1,4;1,3;0,0;0,0;0,6;0,0;0,3;0,0;0,8;0,0;1,3;0,0;1,3;4,7;0,0;0,8;4,5;0,2;0,0;0,0;3,7;0,0;0,0;0,0;1,5;0,0;0,0;;1;1;1;1;1;1;1;1;1;1;1;1;1;1;1;1;1;1;1;1;1;1;1;1;1;1;1;1;1;1;0;
834017;1;01/08/2011;1;68,2;197,9;14;25;1;1;1;;0;7,4;0,1;0,0;0,0;0,0;1,4;4,3;8,2;3,6;7,4;0,0;1,0;0,0;68,2;0,0;1,4;6,1;2,6;9,0;0,8;2,2;25,2;10,0;3,3;3,1;1,6;17,9;0,1;6,0;0,2;6,8;1;1;1;1;1;1;1;1;1;1;1;1;1;1;1;1;1;1;1;1;1;1;1;1;1;1;1;1;1;1;1;
834017;1;01/07/2011;1;107,0;500,7;17;28;1;1;1;;0;0,0;10,5;9,5;0,1;2,6;10,2;1,9;0,0;0,8;1,5;9,0;44,9;100,8;3,1;0,0;100,0;107,0;5,8;11,8;1,2;0,4;4,5;0,6;2,6;7,5;0,9;4,1;20,0;1,2;28,2;10,0;1;1;1;1;1;1;1;1;1;1;1;1;1;1;1;1;1;1;1;1;1;1;1;1;1;1;1;1;1;1;1;
834017;1;01/06/2011;1;75,5;357,6;22;27;1;1;1;;0;2,8;0,2;0,1;7,3;0,0;0,0;1,2;2,6;0,1;1,2;2,8;10,0;0,2;0,0;0,8;6,5;74,0;5,9;32,0;0,8;22,3;75,5;1,9;10,0;0,2;50,6;2,8;1,6;33,7;10,5;;1;1;1;1;1;1;1;1;1;1;1;1;1;1;1;1;1;1;1;1;1;1;1;1;1;1;1;1;1;1;0;
834017;1;01/05/2011;1;;614,1;;;3;3;3;;0;20,1;67,5;27,5;47,4;75,0;1,1;0,0;32,6;12,8;34,5;0,0;0,0;0,0;18,4;26,8;0,0;2,2;12,4;7,1;63,9;1,0;0,0;;90,7;11,5;0,0;3,1;0,4;29,4;27,5;1,2;3;1;1;1;1;1;1;1;1;1;1;1;1;1;1;1;1;1;1;1;1;1;0;4;1;1;1;1;1;1;1;
834017;1;01/04/2011;1;89,8;570,4;19;25;1;1;1;;0;0,0;0,9;0,0;0,4;0,2;17,1;0,0;7,9;27,4;35,4;45,3;48,4;1,6;2,3;15,8;0,7;0,0;69,2;89,8;14,5;50,3;14,5;28,3;2,5;0,9;3,2;0,0;0,6;4,2;89,0;;1;1;1;1;1;1;1;1;1;1;1;1;1;1;1;1;1;1;1;1;1;1;1;1;1;1;1;1;1;1;0;
834017;1;01/03/2011;1;14,4;57,1;8;9;1;1;1;;0;0,0;0,0;0,0;0,0;4,0;0,0;8,2;14,4;1,4;0,0;0,0;0,0;0,0;0,0;1,4;2,8;0,0;0,0;0,0;0,0;0,0;0,0;0,0;0,0;0,0;12,6;0,0;10,3;0,0;0,0;2,0;1;1;1;1;1;1;1;1;1;1;1;1;1;1;1;1;1;1;1;1;1;1;1;1;1;1;1;1;1;1;1;
834017;1;01/02/2011;1;;144,5;;;0;1;0;;0;0,0;0,0;0,6;1,0;0,0;0,0;0,0;0,0;0,0;0,5;0,0;0,0;0,0;89,4;0,0;3,3;0,5;1,0;0,0;0,0;32,7;3,4;1,1;0,0;0,0;0,0;10,0;1,0;;;;1;1;1;1;1;1;1;1;1;1;1;1;1;4;1;1;1;1;1;1;1;1;1;1;1;1;1;1;0;0;0;
834017;1;01/01/2011;1;41,0;115,2;24;15;1;1;1;;0;0,0;0,0;0,0;17,3;2,1;0,8;0,0;0,0;0,0;4,2;0,0;0,0;0,0;0,5;0,0;0,0;0,0;0,2;0,0;0,0;0,4;10,0;8,0;41,0;23,0;0,2;0,3;7,0;0,0;0,0;0,2;1;1;1;1;1;1;1;1;1;1;1;1;1;1;1;1;1;1;1;1;1;1;1;1;1;1;1;1;1;1;1;
834017;1;01/12/2010;1;27,0;68,2;10;10;1;1;1;;0;0,0;0,0;0,0;0,0;0,0;0,0;0,0;0,0;0,0;27,0;0,0;0,0;0,0;7,9;0,0;0,2;2,3;16,0;0,0;0,0;7,2;0,0;0,0;0,0;1,1;0,0;0,0;1,9;4,2;0,4;0,0;1;1;1;1;1;1;1;1;1;1;1;1;1;1;1;1;1;1;1;1;1;1;1;1;1;1;1;1;1;1;1;
834017;1;01/11/2010;1;14,2;18,9;5;4;1;1;1;;0;0,0;0,0;0,0;0,0;14,2;0,0;0,2;0,0;4,2;0,3;0,0;0,0;0,0;0,0;0,0;0,0;0,0;0,0;0,0;0,0;0,0;0,0;0,0;0,0;0,0;0,0;0,0;0,0;0,0;0,0;;1;1;1;1;1;1;1;1;1;1;1;1;1;1;1;1;1;1;1;1;1;1;1;1;1;1;1;1;1;1;0;
834017;1;01/10/2010;1;53,0;72,9;24;5;1;1;1;;0;0,0;0,0;0,0;0,0;0,0;0,0;0,0;0,0;0,0;0,0;0,0;0,0;0,0;0,1;0,0;0,0;0,7;0,0;0,0;0,0;0,0;0,0;15,0;53,0;0,0;0,0;0,0;0,0;0,0;4,1;0,0;1;1;1;1;1;1;1;1;1;1;1;1;1;1;1;1;1;1;1;1;1;1;1;1;1;1;1;1;1;1;1;
834017;1;01/09/2010;1;9,3;33,5;2;13;1;1;1;;0;0,0;9,3;0,0;0,3;0,0;1,2;0,0;3,2;0,0;1,7;0,7;1,2;0,0;0,0;5,1;0,0;0,0;0,0;0,0;0,1;0,0;0,4;0,0;1,1;0,5;8,7;0,0;0,0;0,0;0,0;;1;1;1;1;1;1;1;1;1;1;1;1;1;1;1;1;1;1;1;1;1;1;1;1;1;1;1;1;1;1;0;
834017;1;01/08/2010;1;16,4;125,3;22;23;1;1;1;;0;3,2;1,5;10,0;0,0;4,5;11,4;10,0;5,0;6,3;6,3;2,4;2,6;0,0;0,0;0,0;0,0;1,9;1,1;0,0;1,4;6,5;16,4;10,0;1,4;0,0;3,7;3,6;0,6;10,0;0,0;5,5;1;1;1;1;1;1;1;1;1;1;1;1;1;1;1;1;1;1;1;1;1;1;1;1;1;1;1;1;1;1;1;
834017;1;01/07/2010;1;40,5;159,6;9;25;1;1;1;;0;4,1;9,3;0,4;0,2;0,0;0,0;0,6;24,0;40,5;9,2;0,6;6,2;10,0;3,0;0,0;0,0;0,0;0,3;4,0;0,6;13,5;0,0;0,5;0,2;13,0;0,8;1,2;1,5;8,2;2,8;4,9;1;1;1;1;1;1;1;1;1;1;1;1;1;1;1;1;1;1;1;1;1;1;1;1;1;1;1;1;1;1;1;
834017;1;01/06/2010;1;107,4;406,7;17;23;1;1;1;;0;0,0;0,0;0,4;7,4;10,7;0,3;0,0;1,8;0,0;0,0;3,7;10,0;0,5;5,3;63,5;10,0;107,4;102,5;16,0;1,0;0,0;9,8;18,2;0,0;2,8;3,6;12,9;10,0;8,4;0,5;;1;1;1;1;1;1;1;1;1;1;1;1;1;1;1;1;1;1;1;1;1;1;1;1;1;1;1;1;1;1;0;
834017;1;01/05/2010;1;28,0;98,7;13;15;1;1;1;;0;0,0;0,0;10,0;0,0;19,4;6,7;0,7;0,0;1,9;0,0;0,5;1,4;28,0;1,0;0,0;0,0;0,0;6,8;0,0;0,0;0,0;0,0;10,0;0,0;5,2;0,0;1,8;0,0;0,0;0,4;4,9;1;1;1;1;1;1;1;1;1;1;1;1;1;1;1;1;1;1;1;1;1;1;1;1;1;1;1;1;1;1;1;
834017;1;01/04/2010;1;55,5;244,0;11;21;1;1;1;;0;10,0;0,0;0,0;26,8;3,8;6,1;0,1;0,0;2,6;1,3;55,5;17,2;0,9;0,2;3,8;10,4;8,0;54,9;0,0;4,4;0,0;0,0;2,8;17,8;0,0;2,3;13,5;1,6;0,0;0,0;;1;1;1;1;1;1;1;1;1;1;1;1;1;1;1;1;1;1;1;1;1;1;1;1;1;1;1;1;1;1;0;
834017;1;01/03/2010;1;32,6;87,1;26;10;1;1;1;;0;0,0;0,0;0,0;0,0;0,0;0,0;0,0;0,0;0,0;0,0;0,0;0,0;0,0;0,0;0,0;2,2;10,0;15,2;0,9;0,0;0,2;0,0;0,0;8,3;11,8;32,6;5,2;0,0;0,0;0,0;0,7;1;1;1;1;1;1;1;1;1;1;1;1;1;1;1;1;1;1;1;1;1;1;1;1;1;1;1;1;1;1;1;
834017;1;01/02/2010;1;6,0;24,8;19;8;1;1;1;;0;0,0;0,0;0,0;0,0;0,0;0,0;0,0;0,0;0,0;2,8;1,9;4,3;0,0;0,0;0,0;0,9;2,0;0,0;6,0;5,5;0,0;0,0;1,4;0,0;0,0;0,0;0,0;0,0;;;;1;1;1;1;1;1;1;1;1;1;1;1;1;1;1;1;1;1;1;1;1;1;1;1;1;1;1;1;0;0;0;
834017;1;01/01/2010;1;23,9;91,7;18;18;1;1;1;;0;0,0;0,0;1,7;0,3;0,4;0,0;0,0;0,0;0,0;4,2;5,5;1,0;0,0;0,0;0,0;6,1;14,0;23,9;3,1;3,8;7,1;0,0;2,8;0,3;0,0;2,8;0,0;0,0;5,1;0,7;8,9;1;1;1;1;1;1;1;1;1;1;1;1;1;1;1;1;1;1;1;1;1;1;1;1;1;1;1;1;1;1;1;
834017;1;01/12/2009;1;15,5;35,8;22;5;1;1;1;;0;0,0;0,0;2,9;0,0;0,0;0,0;0,0;0,0;0,0;0,0;0,0;0,0;0,0;0,0;0,0;8,9;2,9;0,0;0,0;0,0;0,0;15,5;5,6;0,0;0,0;0,0;0,0;0,0;0,0;0,0;0,0;1;1;1;1;1;1;1;1;1;1;1;1;1;1;1;1;1;1;1;1;1;1;1;1;1;1;1;1;1;1;1;
834017;1;01/11/2009;1;3,2;13,2;6;9;1;1;1;;0;0,0;0,0;0,0;0,0;0,0;3,2;0,0;0,0;0,0;0,0;0,0;0,0;0,0;0,0;0,7;0,0;0,0;0,4;2,8;0,0;0,0;0,0;1,3;1,0;0,7;0,0;0,0;0,1;3,0;0,0;;1;1;1;1;1;1;1;1;1;1;1;1;1;1;1;1;1;1;1;1;1;1;1;1;1;1;1;1;1;1;0;
834017;1;01/10/2009;1;5,7;16,0;17;7;1;1;1;;0;0,8;0,0;0,0;0,0;0,0;0,0;0,0;0,0;0,0;0,0;1,1;0,0;0,0;0,0;5,0;0,0;5,7;0,1;2,4;0,9;0,0;0,0;0,0;0,0;0,0;0,0;0,0;0,0;0,0;0,0;0,0;1;1;1;1;1;1;1;1;1;1;1;1;1;1;1;1;1;1;1;1;1;1;1;1;1;1;1;1;1;1;1;
834017;1;01/09/2009;1;;88,4;;;0;1;0;;0;0,0;6,0;0,0;0,0;0,0;0,0;0,5;2,9;0,0;0,2;;24,3;8,7;15,6;17,8;8,4;0,0;0,5;0,0;0,1;2,0;0,0;1,4;0,0;0,0;0,0;0,0;0,0;0,0;0,0;;1;1;1;1;1;1;1;1;1;1;0;4;1;1;1;1;1;1;1;1;1;1;1;1;1;1;1;1;1;1;0;
834017;1;01/08/2009;1;49,4;191,9;7;21;1;1;1;;0;31,2;5,7;2,6;3,8;2,4;5,8;49,4;4,7;9,9;6,5;6,8;0,4;0,4;4,4;3,4;0,7;0,3;0,0;4,9;1,0;0,0;0,0;0,0;0,0;40,0;7,6;0,0;0,0;0,0;0,0;0,0;1;1;1;1;1;1;1;1;1;1;1;1;1;1;1;1;1;1;1;1;1;1;1;1;1;1;1;1;1;1;1;
834017;1;01/07/2009;1;108,7;341,1;6;27;1;1;1;;0;0,0;29,8;38,8;25,2;0,0;108,7;18,6;2,6;15,2;0,5;0,6;4,0;4,2;0,2;2,4;7,2;1,2;0,2;31,3;0,0;0,0;26,6;9,6;2,6;0,5;1,6;1,0;0,2;5,4;2,7;0,2;1;1;1;1;1;1;1;1;1;1;1;1;1;1;1;1;1;1;1;1;1;1;1;1;1;1;1;1;1;1;1;
834017;1;01/06/2009;1;106,6;316,6;12;23;1;1;1;;0;5,7;4,9;0,0;0,0;21,1;25,5;0,0;2,3;0,1;0,6;7,1;106,6;21,0;0,3;0,9;0,9;0,0;0,0;32,9;28,5;0,7;0,7;38,0;1,7;0,0;1,5;0,0;13,5;1,8;0,3;;1;1;1;1;1;1;1;1;1;1;1;1;1;1;1;1;1;1;1;1;1;1;1;1;1;1;1;1;1;1;0;
834017;1;01/05/2009;1;43,6;323,9;24;29;1;1;1;;0;16,1;8,2;36,4;0,5;1,8;0,0;0,6;2,0;10,8;8,7;7,9;21,5;0,9;1,3;0,0;2,4;1,1;18,6;1,1;22,7;11,5;22,8;35,3;43,6;0,1;14,0;4,0;19,5;3,7;5,2;1,6;1;1;1;1;1;1;1;1;1;1;1;1;1;1;1;1;1;1;1;1;1;1;1;1;1;1;1;1;1;1;1;
834017;1;01/04/2009;1;;238,9;;;0;1;0;;0;;;;;;;;;;;;;107,3;8,6;11,8;3,3;0,0;10,8;10,6;16,0;10,1;22,3;11,1;0,0;0,6;0,1;18,4;6,6;0,6;0,7;;0;0;0;0;0;0;0;0;0;0;0;0;4;1;1;1;1;1;1;1;1;1;1;1;1;1;1;1;1;1;0;
834017;1;01/11/2008;1;;;;;0;0;0;;0;0,0;11,2;1,9;;;;;;;;;;;;;;;;;;;;;;;;;;;;;1;3;3;0;0;0;0;0;0;0;0;0;0;0;0;0;0;0;0;0;0;0;0;0;0;0;0;0;0;0;0;
834017;1;01/10/2008;1;3,9;23,4;2;21;3;3;3;;0;0,0;3,9;2,3;0,0;0,9;1,2;0,8;0,6;0,1;0,3;0,6;0,9;1,6;0,8;1,8;1,3;0,0;0,0;0,0;0,7;0,8;1,6;0,0;0,0;0,0;0,7;0,0;0,0;1,1;0,8;0,6;1;3;3;1;3;3;3;3;3;3;3;3;3;3;3;3;1;1;1;3;3;3;1;1;1;3;1;1;3;3;3;
834017;1;01/09/2008;1;13,1;37,5;4;15;1;1;1;;0;0,0;0,0;0,5;13,1;3,3;2,2;0,0;1,7;0,6;7,2;0,6;0,0;1,1;0,8;0,0;0,0;0,0;0,0;1,2;0,0;0,0;0,0;0,0;0,0;0,0;0,0;0,8;1,6;2,1;0,7;;1;1;1;1;1;1;1;1;1;1;1;1;1;1;1;1;1;1;1;1;1;1;1;1;1;1;1;1;1;1;0;
834017;1;01/08/2008;1;57,3;230,9;2;29;1;1;1;;0;0,9;57,3;21,8;3,3;0,7;3,1;2,2;11,2;19,9;16,2;6,1;3,7;2,9;3,7;6,3;3,5;6,7;2,3;1,9;9,0;1,7;3,3;0,9;2,3;9,7;9,3;13,5;2,3;5,2;0,0;0,0;1;1;1;1;1;1;1;1;1;1;1;1;1;1;1;1;1;1;1;1;1;1;1;1;1;1;1;1;1;1;1;
834017;1;01/07/2008;1;43,1;316,6;6;29;1;1;1;;0;33,5;17,0;9,6;13,3;7,8;43,1;8,9;7,7;29,2;4,4;6,5;1,9;0,5;0,0;2,7;7,3;26,7;2,7;3,6;5,7;17,2;24,8;0,0;0,9;2,3;6,2;18,7;4,3;0,5;5,7;3,9;1;1;1;1;1;1;1;1;1;1;1;1;1;1;1;1;1;1;1;1;1;1;1;1;1;1;1;1;1;1;1;
834017;1;01/06/2008;1;103,5;426,3;17;30;1;1;1;;0;1,1;2,3;3,7;77,8;35,6;6,7;5,6;4,7;3,2;4,9;3,7;1,9;0,7;3,9;6,1;63,2;103,5;8,2;0,8;6,8;2,7;6,3;2,5;33,1;11,4;2,1;0,8;16,7;3,6;2,7;;1;1;1;1;1;1;1;1;1;1;1;1;1;1;1;1;1;1;1;1;1;1;1;1;1;1;1;1;1;1;0;
834017;1;01/05/2008;1;56,1;354,0;2;28;1;1;1;;0;12,3;56,1;11,4;0,0;0,4;4,9;21,7;8,6;7,9;47,3;11,2;10,5;6,0;1,3;8,1;7,2;13,6;33,7;6,2;8,5;0,0;6,7;2,1;4,3;6,2;15,3;15,7;23,8;1,3;0,0;1,7;1;1;1;1;1;1;1;1;1;1;1;1;1;1;1;1;1;1;1;1;1;1;1;1;1;1;1;1;1;1;1;
834017;1;01/04/2008;1;52,6;215,3;28;29;1;1;1;;0;7,5;0,2;0,3;4,7;0,9;5,2;27,3;0,5;8,5;0,2;6,2;7,1;19,3;26,4;15,0;0,3;1,6;1,1;0,8;2,7;3,1;1,9;2,6;3,1;1,6;4,7;0,6;52,6;0,0;9,3;;1;1;1;1;1;1;1;1;1;1;1;1;1;1;1;1;1;1;1;1;1;1;1;1;1;1;1;1;1;1;0;
834017;1;01/03/2008;1;87,3;373,1;31;22;1;1;1;;0;0,0;0,0;0,0;0,0;0,0;0,0;0,0;0,8;13,6;12,3;4,1;21,8;0,0;0,1;0,0;0,5;0,3;44,3;6,8;47,9;12,3;57,8;6,7;39,8;3,1;2,7;0,2;1,9;3,7;5,1;87,3;1;1;1;1;1;1;1;1;1;1;1;1;1;1;1;1;1;1;1;1;1;1;1;1;1;1;1;1;1;1;1;
834017;1;01/02/2008;1;;;;;0;0;0;;0;;;0,7;6,6;2,1;0,0;0,0;1,2;0,0;0,0;0,0;0,0;0,0;0,0;28,2;8,3;0,0;1,3;0,3;0,0;0,0;0,0;0,0;0,0;0,0;0,0;0,0;0,0;0,0;;;0;0;1;1;1;1;1;1;1;1;1;1;1;1;1;1;1;1;1;1;1;1;1;1;1;1;1;1;1;0;0;
834017;1;01/01/2008;1;;;;;0;0;0;;0;0,2;0,6;0,0;0,0;0,0;0,0;0,0;0,0;0,0;0,0;1,6;3,7;7,9;16,3;6,4;;;;;;;;;;;;;;;;;1;1;1;1;1;1;1;1;1;1;1;1;1;1;1;0;0;0;0;0;0;0;0;0;0;0;0;0;0;0;0;
834017;1;01/12/2007;1;;;;;0;0;0;;0;0,2;0,0;0,0;0,0;0,0;0,0;0,0;0,0;0,0;0,0;0,0;2,6;6,5;0,0;0,0;0,0;;;;;;;0,0;0,0;0,5;0,0;0,0;0,0;0,0;0,0;0,5;1;1;1;1;1;1;1;1;1;1;1;1;1;1;1;1;0;0;0;0;0;0;1;1;1;1;1;1;1;1;1;
834017;1;01/11/2007;1;10,6;24,0;14;7;1;1;1;;0;0,0;0,0;0,0;0,0;0,0;1,0;1,4;1,9;0,0;0,0;0,0;0,0;0,0;10,6;0,0;0,0;0,9;0,9;0,0;0,0;0,0;0,0;0,0;0,0;0,0;0,0;7,3;0,0;0,0;0,0;;1;1;1;1;1;1;1;1;1;1;1;1;1;1;1;1;1;1;1;1;1;1;1;1;1;1;1;1;1;1;0;
834017;1;01/10/2007;1;10,6;24,3;10;10;1;1;1;;0;0,0;0,2;0,0;0,0;0,0;0,0;1,0;0,1;4,3;10,6;0,3;0,0;0,0;0,0;0,0;0,7;0,4;0,0;0,0;0,0;0,0;0,0;0,0;0,0;1,2;0,0;0,0;0,0;0,0;5,5;0,0;1;1;1;1;1;1;1;1;1;1;1;1;1;1;1;1;1;1;1;1;1;1;1;1;1;1;1;1;1;1;1;
834017;1;01/09/2007;1;18,3;97,3;6;18;1;1;1;;0;0,1;0,0;0,0;0,4;17,4;18,3;7,3;2,8;11,4;3,4;0,0;1,2;0,4;10,1;6,6;9,8;3,9;0,0;0,0;0,0;0,3;0,0;0,0;0,0;0,0;0,6;0,0;1,0;2,3;0,0;;1;1;1;1;1;1;1;1;1;1;1;1;1;1;1;1;1;1;1;1;1;1;1;1;1;1;1;1;1;1;0;
834017;1;01/08/2007;1;75,6;198,2;6;24;1;1;1;;0;9,9;4,9;0,0;3,2;3,9;75,6;14,8;0,9;0,4;0,0;1,9;4,9;5,9;28,2;2,0;12,1;6,3;0,6;2,1;5,7;5,3;1,9;0,0;1,7;0,3;0,0;0,0;0,0;0,0;5,4;0,3;1;1;1;1;1;1;1;1;1;1;1;1;1;1;1;1;1;1;1;1;1;1;1;1;1;1;1;1;1;1;1;
834017;1;01/07/2007;1;63,1;239,6;8;25;1;1;1;;0;0,0;11,4;2,7;4,8;1,2;5,3;3,1;63,1;0,9;9,9;1,3;0,9;1,1;23,6;4,1;20,1;2,1;0,0;0,0;0,0;1,0;47,3;4,9;2,0;0,0;6,3;3,9;0,0;2,2;12,0;4,4;1;1;1;1;1;1;1;1;1;1;1;1;1;1;1;1;1;1;1;1;1;1;1;1;1;1;1;1;1;1;1;
834017;1;01/06/2007;1;61,0;323,2;12;26;1;1;1;;0;4,9;26,8;1,1;0,0;0,0;24,7;3,9;0,7;12,7;2,1;2,3;61,0;12,4;0,0;0,4;6,3;7,9;0,9;1,3;1,1;3,4;1,6;0,0;38,9;0,2;46,3;29,2;24,2;2,1;6,8;;1;1;1;1;1;1;1;1;1;1;1;1;1;1;1;1;1;1;1;1;1;1;1;1;1;1;1;1;1;1;0;
834017;1;01/05/2007;1;69,2;217,3;1;20;1;1;1;;0;69,2;7,5;0,0;3,2;5,6;24,7;6,1;12,9;0,0;0,1;0,9;0,0;0,0;0,0;17,5;2,7;4,0;0,0;9,5;0,0;0,1;8,5;15,1;13,7;0,0;11,0;4,7;0,0;0,0;0,0;0,3;1;1;1;1;1;1;1;1;1;1;1;1;1;1;1;1;1;1;1;1;1;1;1;1;1;1;1;1;1;1;1;
834017;1;01/04/2007;1;77,4;305,2;20;19;1;1;1;;0;0,0;0,0;0,0;0,0;0,0;0,0;0,0;0,0;0,0;2,6;0,5;0,0;36,2;1,3;8,9;0,0;0,8;6,2;23,2;77,4;45,2;1,6;0,3;25,2;7,1;7,8;14,0;0,4;1,4;45,1;;1;1;1;1;1;1;1;1;1;1;1;1;1;1;1;1;1;1;1;1;1;1;1;1;1;1;1;1;1;1;0;
834017;1;01/03/2007;1;32,8;109,4;17;18;1;1;1;;0;14,5;0,0;1,7;3,8;0,0;12,6;0,8;0,0;1,4;21,6;0,0;0,0;0,0;0,5;0,1;6,0;32,8;1,6;0,7;0,2;0,0;1,4;0,0;0,0;0,0;9,1;0,0;0,4;0,2;0,0;0,0;1;1;1;1;1;1;1;1;1;1;1;1;1;1;1;1;1;1;1;1;1;1;1;1;1;1;1;1;1;1;1;
834017;1;01/02/2007;1;77,7;198,4;22;14;1;1;1;;0;0,0;0,0;0,0;0,0;0,0;0,0;0,2;0,0;0,0;0,0;0,0;0,0;0,0;18,8;2,1;1,8;0,8;1,4;3,7;0,0;8,7;77,7;36,3;8,6;5,8;8,8;0,0;23,7;;;;1;1;1;1;1;1;1;1;1;1;1;1;1;1;1;1;1;1;1;1;1;1;1;1;1;1;1;1;0;0;0;
834017;1;01/01/2007;1;14,1;43,3;4;12;1;1;1;;0;1,0;7,8;11,5;14,1;0,3;3,8;0,2;0,1;0,1;2,9;0,0;0,6;0,9;0,0;0,0;0,0;0,0;0,0;0,0;0,0;0,0;0,0;0,0;0,0;0,0;0,0;0,0;0,0;0,0;0,0;0,0;1;1;1;1;1;1;1;1;1;1;1;1;1;1;1;1;1;1;1;1;1;1;1;1;1;1;1;1;1;1;1;
834017;1;01/12/2006;1;89,8;132,5;20;7;1;1;1;;0;0,0;0,0;0,0;0,9;0,0;0,0;0,0;2,9;0,0;0,0;0,0;0,0;0,0;0,0;0,0;0,6;0,0;0,0;0,0;89,8;0,0;0,0;0,0;0,0;0,0;0,0;0,0;17,6;15,8;4,9;0,0;1;1;1;1;1;1;1;1;1;1;1;1;1;1;1;1;1;1;1;1;1;1;1;1;1;1;1;1;1;1;1;
834017;1;01/11/2006;1;33,1;66,7;16;7;1;1;1;;0;0,0;0,0;0,0;0,0;0,0;0,0;0,0;0,0;0,0;0,0;0,0;0,0;0,0;0,0;0,0;33,1;1,0;0,6;29,1;0,9;0,8;0,0;0,0;0,0;0,0;1,2;0,0;0,0;0,0;0,0;;1;1;1;1;1;1;1;1;1;1;1;1;1;1;1;1;1;1;1;1;1;1;1;1;1;1;1;1;1;1;0;
834017;1;01/10/2006;1;2,9;8,1;26;9;1;1;1;;0;0,0;0,0;0,0;0,0;0,2;0,0;0,3;0,2;0,0;0,3;0,5;1,6;0,0;0,0;0,0;0,0;0,0;0,0;0,0;0,0;0,0;0,0;0,0;0,3;1,8;2,9;0,0;0,0;0,0;0,0;0,0;1;1;1;1;1;1;1;1;1;1;1;1;1;1;1;1;1;1;1;1;1;1;1;1;1;1;1;1;1;1;1;
834017;1;01/09/2006;1;51,4;86,2;1;12;1;1;1;;0;51,4;1,2;0,0;0,0;0,0;0,0;3,1;0,0;0,8;6,8;0,0;6,3;7,1;2,1;4,0;0,0;0,0;0,0;0,0;0,2;0,3;0,0;0,0;0,0;0,0;0,0;2,9;0,0;0,0;0,0;;1;1;1;1;1;1;1;1;1;1;1;1;1;1;1;1;1;1;1;1;1;1;1;1;1;1;1;1;1;1;0;
834017;1;01/08/2006;1;27,6;128,2;16;20;1;1;1;;0;3,8;0,0;0,0;8,9;2,2;0,0;12,3;0,0;16,8;6,8;0,4;6,8;7,5;0,8;1,1;27,6;9,6;2,9;0,1;0,0;0,8;0,0;0,0;0,8;0,1;0,1;0,0;0,0;0,0;0,0;18,8;1;1;1;1;1;1;1;1;1;1;1;1;1;1;1;1;1;1;1;1;1;1;1;1;1;1;1;1;1;1;1;
834017;1;01/07/2006;1;44,5;205,8;8;21;1;1;1;;0;0,0;0,0;0,0;0,0;0,0;12,0;2,5;44,5;15,2;3,5;7,0;12,2;2,4;2,5;3,2;0,8;33,5;16,8;1,6;0,0;0,0;0,3;8,0;3,3;8,0;24,9;3,3;0,0;0,0;0,0;0,3;1;1;1;1;1;1;1;1;1;1;1;1;1;1;1;1;1;1;1;1;1;1;1;1;1;1;1;1;1;1;1;
834017;1;01/06/2006;1;85,7;375,6;8;27;1;1;1;;0;0,2;0,0;1,3;5,2;3,1;0,0;23,2;85,7;0,2;4,6;0,4;33,3;22,2;2,7;5,1;8,1;0,0;7,6;3,7;0,4;52,7;39,1;5,3;15,1;3,8;0,8;7,7;34,9;2,9;6,3;;1;1;1;1;1;1;1;1;1;1;1;1;1;1;1;1;1;1;1;1;1;1;1;1;1;1;1;1;1;1;0;
834017;1;01/05/2006;1;57,8;319,0;1;27;1;1;1;;0;57,8;3,1;1,9;0,0;13,9;3,2;0,0;2,3;3,0;26,8;0,2;0,0;2,1;1,9;23,3;12,3;18,9;13,2;8,9;17,6;0,2;0,9;15,6;17,3;28,7;3,4;3,1;10,7;7,4;21,3;0,0;1;1;1;1;1;1;1;1;1;1;1;1;1;1;1;1;1;1;1;1;1;1;1;1;1;1;1;1;1;1;1;
834017;1;01/04/2006;1;103,1;238,2;9;19;1;1;1;;0;0,0;1,0;5,9;0,0;0,3;0,1;1,3;0,2;103,1;0,0;0,0;0,0;0,9;13,1;16,9;0,0;0,0;14,6;0,0;1,0;0,0;1,3;2,2;15,6;7,7;33,0;0,0;0,0;5,7;14,3;;1;1;1;1;1;1;1;1;1;1;1;1;1;1;1;1;1;1;1;1;1;1;1;1;1;1;1;1;1;1;0;
834017;1;01/03/2006;1;40,9;121,1;3;12;1;1;1;;0;0,0;11,6;40,9;0,7;0,0;0,0;0,0;0,0;0,0;0,0;0,0;0,0;0,0;0,0;0,0;0,0;13,2;0,0;12,4;2,4;6,8;0,0;0,2;29,8;0,0;0,6;1,3;0,0;0,0;0,0;1,2;1;1;1;1;1;1;1;1;1;1;1;1;1;1;1;1;1;1;1;1;1;1;1;1;1;1;1;1;1;1;1;
834017;1;01/02/2006;1;9,8;23,2;23;8;1;1;1;;0;0,0;0,8;0,0;0,0;0,0;0,0;0,0;0,1;0,0;0,0;0,0;0,0;0,0;3,9;0,0;0,0;0,0;1,4;0,8;0,0;0,0;2,1;9,8;4,3;0,0;0,0;0,0;0,0;;;;1;1;1;1;1;1;1;1;1;1;1;1;1;1;1;1;1;1;1;1;1;1;1;1;1;1;1;1;0;0;0;
834017;1;01/01/2006;1;6,9;16,6;16;10;1;1;1;;0;0,0;0,0;0,0;0,0;0,9;0,0;1,0;0,0;0,0;1,9;0,6;0,0;0,7;0,2;0,0;6,9;0,2;0,0;0,0;3,9;0,0;0,0;0,0;0,0;0,0;0,3;0,0;0,0;0,0;0,0;0,0;1;1;1;1;1;1;1;1;1;1;1;1;1;1;1;1;1;1;1;1;1;1;1;1;1;1;1;1;1;1;1;
834017;1;01/12/2005;1;28,1;68,8;7;13;1;1;1;;0;0,0;0,0;0,0;0,0;0,0;15,8;28,1;0,8;0,0;0,0;0,0;4,1;0,0;0,3;2,2;0,0;0,0;0,1;0,6;0,0;0,0;0,0;0,1;0,0;0,0;0,0;0,9;0,0;1,8;3,9;10,1;1;1;1;1;1;1;1;1;1;1;1;1;1;1;1;1;1;1;1;1;1;1;1;1;1;1;1;1;1;1;1;
834017;1;01/11/2005;1;16,9;22,7;6;10;1;1;1;;0;0,0;0,0;0,0;1,2;0,7;16,9;0,0;0,7;0,0;0,0;0,0;0,0;0,0;0,0;0,0;0,0;0,5;0,2;0,1;0,0;0,0;2,0;0,0;0,0;0,0;0,1;0,0;0,0;0,0;0,3;;1;1;1;1;1;1;1;1;1;1;1;1;1;1;1;1;1;1;1;1;1;1;1;1;1;1;1;1;1;1;0;
834017;1;01/10/2005;1;18,7;44,5;8;11;1;1;1;;0;0,0;0,0;0,0;0,0;5,3;1,1;1,8;18,7;0,2;0,8;2,8;0,2;0,0;3,8;0,0;0,0;8,8;0,0;0,0;0,0;1,0;0,0;0,0;0,0;0,0;0,0;0,0;0,0;0,0;0,0;0,0;1;1;1;1;1;1;1;1;1;1;1;1;1;1;1;1;1;1;1;1;1;1;1;1;1;1;1;1;1;1;1;
834017;1;01/09/2005;1;9,4;35,4;5;12;1;1;1;;0;0,0;0,1;4,0;0,0;9,4;6,5;0,2;0,1;0,0;0,0;9,0;0,1;0,0;0,3;3,1;0,0;0,0;0,0;1,8;0,0;0,0;0,0;0,0;0,0;0,0;0,0;0,0;0,0;0,8;0,0;;1;1;1;1;1;1;1;1;1;1;1;1;1;1;1;1;1;1;1;1;1;1;1;1;1;1;1;1;1;1;0;
834017;1;01/08/2005;1;51,1;288,8;25;28;1;1;1;;0;0,0;15,6;5,0;6,5;7,3;15,1;0,0;0,9;0,3;0,5;0,0;25,1;0,1;0,1;17,3;36,1;12,8;5,2;7,7;16,1;7,9;2,7;13,8;26,9;51,1;6,9;0,2;1,9;1,6;3,9;0,2;1;1;1;1;1;1;1;1;1;1;1;1;1;1;1;1;1;1;1;1;1;1;1;1;1;1;1;1;1;1;1;
834017;1;01/07/2005;1;29,3;128,4;1;22;1;1;1;;0;29,3;4,7;7,4;3,9;0,0;0,0;5,8;3,4;0,0;5,5;3,8;2,8;0,0;1,0;0,7;0,0;0,0;0,4;23,7;9,0;0,7;0,8;6,9;0,0;0,0;1,3;0,5;0,0;3,6;10,1;3,1;1;1;1;1;1;1;1;1;1;1;1;1;1;1;1;1;1;1;1;1;1;1;1;1;1;1;1;1;1;1;1;
834017;1;01/06/2005;1;101,7;707,8;2;30;1;1;1;;0;86,6;101,7;45,6;0,1;11,3;2,1;1,9;56,1;4,4;1,3;15,9;5,8;16,2;26,8;67,6;0,8;8,3;35,8;67,8;2,6;32,7;5,5;5,4;13,0;47,4;2,3;5,1;7,3;29,2;1,2;;1;1;1;1;1;1;1;1;1;1;1;1;1;1;1;1;1;1;1;1;1;1;1;1;1;1;1;1;1;1;0;
834017;1;01/05/2005;1;88,3;487,4;17;27;1;1;1;;0;0,0;0,0;0,0;0,3;0,5;3,9;0,9;24,9;0,0;8,8;10,1;22,8;28,0;12,3;6,2;28,5;88,3;32,0;14,9;18,6;0,3;2,0;56,5;36,3;1,5;1,9;0,3;7,1;2,1;71,8;6,6;1;1;1;1;1;1;1;1;1;1;1;1;1;1;1;1;1;1;1;1;1;1;1;1;1;1;1;1;1;1;1;
834017;1;01/04/2005;1;33,5;110,3;28;19;1;1;1;;0;0,0;8,5;17,2;0,3;0,0;2,3;0,4;0,2;0,0;7,0;2,1;0,2;0,5;0,2;18,3;0,1;5,9;0,0;4,9;0,1;0,0;0,0;0,0;1,8;0,0;0,0;0,0;33,5;6,8;0,0;;1;1;1;1;1;1;1;1;1;1;1;1;1;1;1;1;1;1;1;1;1;1;1;1;1;1;1;1;1;1;0;
834017;1;01/03/2005;1;52,5;119,1;27;15;1;1;1;;0;0,2;0,0;0,0;0,0;0,1;0,3;0,0;0,0;0,0;0,0;0,0;0,0;1,3;0,0;0,0;1,2;0,0;0,3;0,2;0,0;0,6;3,2;0,0;0,4;0,0;0,0;52,5;33,0;0,8;8,1;16,9;1;1;1;1;1;1;1;1;1;1;1;1;1;1;1;1;1;1;1;1;1;1;1;1;1;1;1;1;1;1;1;
834017;1;01/02/2005;1;15,2;62,5;10;13;1;1;1;;0;0,0;1,0;0,0;5,6;0,0;0,0;0,0;0,6;6,8;15,2;10,5;0,6;0,0;0,0;0,0;7,8;7,3;0,0;0,8;0,0;0,0;0,0;0,0;0,1;1,3;4,9;0,0;0,0;;;;1;1;1;1;1;1;1;1;1;1;1;1;1;1;1;1;1;1;1;1;1;1;1;1;1;1;1;1;0;0;0;
834017;1;01/01/2005;1;5,1;13,2;26;6;1;1;1;;0;0,0;0,0;0,0;1,5;4,1;0,0;0,0;1,5;0,0;0,0;0,8;0,0;0,0;0,0;0,0;0,0;0,0;0,2;0,0;0,0;0,0;0,0;0,0;0,0;0,0;5,1;0,0;0,0;0,0;0,0;0,0;1;1;1;1;1;1;1;1;1;1;1;1;1;1;1;1;1;1;1;1;1;1;1;1;1;1;1;1;1;1;1;
834017;1;01/12/2004;1;7,3;9,4;31;4;1;1;1;;0;0,0;0,3;0,8;0,0;0,0;0,0;0,0;0,0;0,0;0,0;0,0;0,0;0,0;0,0;1,0;0,0;0,0;0,0;0,0;0,0;0,0;0,0;0,0;0,0;0,0;0,0;0,0;0,0;0,0;0,0;7,3;1;1;1;1;1;1;1;1;1;1;1;1;1;1;1;1;1;1;1;1;1;1;1;1;1;1;1;1;1;1;1;
834017;1;01/11/2004;1;3,0;8,8;7;6;1;1;1;;0;0,0;0,0;0,0;0,0;0,2;2,5;3,0;0,0;0,0;0,0;0,0;0,0;0,5;0,0;0,0;0,0;0,0;0,0;0,0;0,0;0,0;0,0;0,0;0,1;0,0;0,0;2,5;0,0;0,0;0,0;;1;1;1;1;1;1;1;1;1;1;1;1;1;1;1;1;1;1;1;1;1;1;1;1;1;1;1;1;1;1;0;
834017;1;01/10/2004;1;11,0;25,4;13;9;1;1;1;;0;0,0;0,0;0,0;0,0;0,0;0,3;0,0;0,0;0,2;0,0;0,0;0,0;11,0;6,5;0,0;0,0;0,0;1,1;0,0;0,0;0,0;0,0;0,9;4,3;0,8;0,0;0,0;0,0;0,0;0,3;0,0;1;1;1;1;1;1;1;1;1;1;1;1;1;1;1;1;1;1;1;1;1;1;1;1;1;1;1;1;1;1;1;
834017;1;01/09/2004;1;18,9;61,7;10;15;1;1;1;;0;0,0;6,5;0,0;0,0;0,0;0,0;0,0;0,0;0,0;18,9;1,8;0,0;0,0;0,0;0,0;0,0;0,0;0,0;11,0;0,5;0,2;4,5;2,0;1,9;2,9;5,5;1,2;4,5;0,1;0,2;;1;1;1;1;1;1;1;1;1;1;1;1;1;1;1;1;1;1;1;1;1;1;1;1;1;1;1;1;1;1;0;
834017;1;01/08/2004;1;23,6;121,6;16;24;1;1;1;;0;9,0;0,5;7,1;0,9;3,5;9,9;3,0;0,3;0,6;1,1;3,2;1,8;0,3;0,2;7,0;23,6;6,9;3,8;5,9;0,8;0,0;22,1;0,9;0,0;0,0;0,0;4,2;5,0;0,0;0,0;0,0;1;1;1;1;1;1;1;1;1;1;1;1;1;1;1;1;1;1;1;1;1;1;1;1;1;1;1;1;1;1;1;
834017;1;01/07/2004;1;34,2;276,9;16;25;1;1;1;;0;2,5;13,1;27,8;13,5;0,1;4,6;3,9;2,5;28,0;0,0;0,3;0,1;6,9;17,3;1,5;34,2;6,9;19,8;0,2;0,0;0,2;0,0;0,0;0,0;14,0;33,5;2,0;1,0;30,5;12,5;0,0;1;1;1;1;1;1;1;1;1;1;1;1;1;1;1;1;1;1;1;1;1;1;1;1;1;1;1;1;1;1;1;
834017;1;01/06/2004;1;98,5;513,2;17;28;1;1;1;;0;43,0;1,0;13,0;0,0;12,3;0,0;2,8;3,0;0,1;1,0;9,0;5,1;13,7;44,0;3,8;34,1;98,5;48,2;14,9;28,0;14,5;5,0;8,0;1,0;3,8;42,6;25,8;4,5;13,0;19,5;;1;1;1;1;1;1;1;1;1;1;1;1;1;1;1;1;1;1;1;1;1;1;1;1;1;1;1;1;1;1;0;
834017;1;01/05/2004;1;56,2;338,6;20;27;1;1;1;;0;7,1;5,0;0,0;0,0;4,3;7,8;9,9;5,3;1,3;24,0;14,5;0,3;0,0;0,0;0,1;1,3;12,8;7,9;11,2;56,2;12,8;1,7;1,9;6,3;48,3;51,0;10,1;15,3;10,2;7,0;5,0;1;1;1;1;1;1;1;1;1;1;1;1;1;1;1;1;1;1;1;1;1;1;1;1;1;1;1;1;1;1;1;
834017;1;01/04/2004;1;64,3;261,7;22;22;1;1;1;;0;4,5;0,0;4,1;0,0;0,0;4,1;0,0;13,5;6,0;3,1;14,0;0,0;1,0;22,1;13,8;16,3;12,0;9,2;6,5;1,1;11,5;64,3;26,0;18,5;1,6;1,5;0,0;0,0;0,0;7,0;;1;1;1;1;1;1;1;1;1;1;1;1;1;1;1;1;1;1;1;1;1;1;1;1;1;1;1;1;1;1;0;
834017;1;01/03/2004;1;33,2;141,8;10;20;1;1;1;;0;0,0;0,8;4,3;3,0;0,0;2,1;27,5;1,3;0,0;33,2;12,2;8,5;0,0;0,0;7,2;3,0;24,5;2,1;0,0;0,1;0,0;5,1;2,0;4,0;0,2;0,5;0,2;0,0;0,0;0,0;0,0;1;1;1;1;1;1;1;1;1;1;1;1;1;1;1;1;1;1;1;1;1;1;1;1;1;1;1;1;1;1;1;
834017;1;01/02/2004;1;61,0;218,3;3;13;1;1;1;;0;23,3;55,2;61,0;29,3;6,2;9,5;0,0;0,0;0,0;0,0;0,0;15,0;0,0;0,0;2,5;0,3;0,0;0,0;8,0;2,8;0,3;0,0;0,0;4,9;0,0;0,0;0,0;0,0;0,0;;;1;1;1;1;1;1;1;1;1;1;1;1;1;1;1;1;1;1;1;1;1;1;1;1;1;1;1;1;1;0;0;
834017;1;01/01/2004;1;39,0;262,3;22;23;1;1;1;;0;0,0;0,0;0,0;0,0;0,0;2,0;0,5;5,2;0,3;0,2;2,1;0,0;0,0;1,2;8,0;32,8;0,2;0,0;16,8;1,7;7,9;39,0;26,0;1,9;2,9;7,3;15,9;10,6;31,8;14,5;33,5;1;1;1;1;1;1;1;1;1;1;1;1;1;1;1;1;1;1;1;1;1;1;1;1;1;1;1;1;1;1;1;
834017;1;01/12/2003;1;6,6;30,5;29;10;1;1;1;;0;0,0;0,0;0,0;0,0;0,0;0,0;0,0;0,0;0,0;0,0;2,0;3,6;3,8;0,0;0,0;2,4;4,5;0,0;0,0;0,0;0,0;1,8;0,3;0,0;0,0;0,0;0,0;1,9;6,6;3,6;0,0;1;1;1;1;1;1;1;1;1;1;1;1;1;1;1;1;1;1;1;1;1;1;1;1;1;1;1;1;1;1;1;
834017;1;01/11/2003;1;9,2;18,9;17;7;1;1;1;;0;0,0;0,0;0,0;0,0;0,0;0,0;0,0;0,0;0,0;0,0;1,5;1,4;0,0;0,0;0,0;0,5;9,2;0,1;6,1;0,0;0,0;0,0;0,0;0,0;0,0;0,0;0,1;0,0;0,0;0,0;;1;1;1;1;1;1;1;1;1;1;1;1;1;1;1;1;1;1;1;1;1;1;1;1;1;1;1;1;1;1;0;
834017;1;01/10/2003;1;9,0;25,8;18;11;1;1;1;;0;0,0;0,0;0,0;0,0;0,0;0,0;0,0;0,0;0,9;0,0;0,0;0,0;0,0;0,0;0,9;0,0;0,8;9,0;0,0;0,0;0,0;2,8;0,0;0,1;2,0;0,0;7,1;1,0;1,0;0,0;0,2;1;1;1;1;1;1;1;1;1;1;1;1;1;1;1;1;1;1;1;1;1;1;1;1;1;1;1;1;1;1;1;
834017;1;01/09/2003;1;20,1;111,1;7;16;1;1;1;;0;7,0;1,0;0,0;3,1;5,2;18,5;20,1;19,5;5,1;1,7;0,2;6,7;1,4;9,0;0,0;2,7;0,0;0,0;0,0;9,4;0,0;0,5;0,0;0,0;0,0;0,0;0,0;0,0;0,0;0,0;;1;1;1;1;1;1;1;1;1;1;1;1;1;1;1;1;1;1;1;1;1;1;1;1;1;1;1;1;1;1;0;
834017;1;01/08/2003;1;24,5;161,2;27;22;1;1;1;;0;0,0;20,5;0,0;0,5;0,8;1,2;1,6;8,9;0,0;9,1;0,3;0,0;0,0;0,8;13,8;10,3;1,0;0,0;0,0;0,9;0,3;13,4;18,9;14,2;0,2;0,1;24,5;19,0;0,0;0,0;0,9;1;1;1;1;1;1;1;1;1;1;1;1;1;1;1;1;1;1;1;1;1;1;1;1;1;1;1;1;1;1;1;
834017;1;01/07/2003;1;52,1;273,9;2;26;1;1;1;;0;0,0;52,1;49,5;6,8;0,1;43,5;0,3;19,5;0,0;3,5;19,5;10,2;15,0;0,0;1,9;0,3;0,0;0,4;15,5;0,3;5,2;0,0;1,2;3,2;3,1;2,0;0,3;4,0;9,8;4,5;2,2;1;1;1;1;1;1;1;1;1;1;1;1;1;1;1;1;1;1;1;1;1;1;1;1;1;1;1;1;1;1;1;
834017;1;01/06/2003;1;78,6;466,9;16;22;1;1;1;;0;0,0;3,4;0,1;38,8;27,3;0,5;28,4;4,4;3,0;20,5;15,9;2,6;2,7;16,0;59,0;78,6;30,4;0,0;45,6;24,4;20,0;3,9;0,0;0,0;0,0;0,0;0,0;0,0;40,1;1,3;;1;1;1;1;1;1;1;1;1;1;1;1;1;1;1;1;1;1;1;1;1;1;1;1;1;1;1;1;1;1;0;
834017;1;01/05/2003;1;94,9;266,6;2;19;1;1;1;;0;34,1;94,9;2,0;0,0;0,0;0,0;0,0;0,2;0,0;0,0;1,1;2,1;4,3;0,1;83,5;18,2;2,4;2,8;1,8;1,5;0,0;3,9;0,0;0,1;1,3;0,0;0,0;0,8;0,0;0,0;11,5;1;1;1;1;1;1;1;1;1;1;1;1;1;1;1;1;1;1;1;1;1;1;1;1;1;1;1;1;1;1;1;
834017;1;01/04/2003;1;30,1;83,0;22;14;1;1;1;;0;0,7;0,0;0,0;3,0;0,0;0,0;0,0;0,0;7,4;0,2;0,0;0,0;0,0;0,0;0,0;0,0;0,8;6,9;15,9;2,0;5,8;30,1;0,0;3,1;0,0;0,4;5,8;0,0;0,9;0,0;;1;1;1;1;1;1;1;1;1;1;1;1;1;1;1;1;1;1;1;1;1;1;1;1;1;1;1;1;1;1;0;
834017;1;01/03/2003;1;138,0;441,2;19;23;1;1;1;;0;0,0;2,3;0,0;64,1;22,1;0,0;1,0;16,9;0,0;1,1;0,2;0,0;0,9;15,3;21,1;22,8;31,1;0,0;138,0;17,0;19,7;0,0;12,3;4,3;27,7;0,5;0,3;16,3;2,6;0,0;3,6;1;1;1;1;1;1;1;1;1;1;1;1;1;1;1;1;1;1;1;1;1;1;1;1;1;1;1;1;1;1;1;
834017;1;01/02/2003;1;62,0;192,1;24;16;1;1;1;;0;1,2;0,8;2,6;18,5;11,3;2,1;0,0;0,0;0,0;0,0;0,0;0,0;0,0;0,0;0,3;0,0;0,8;0,0;36,1;10,1;9,9;0,3;0,0;62,0;34,1;0,0;0,1;1,9;;;;1;1;1;1;1;1;1;1;1;1;1;1;1;1;1;1;1;1;1;1;1;1;1;1;1;1;1;1;0;0;0;
834017;1;01/01/2003;1;6,9;25,9;21;9;1;1;1;;0;0,0;0,0;0,0;0,0;0,0;0,0;0,0;0,0;0,0;0,0;0,0;0,0;0,0;0,0;0,0;0,0;0,0;1,3;0,0;0,0;6,9;0,0;0,7;3,2;0,0;0,0;2,8;2,5;4,7;2,2;1,6;1;1;1;1;1;1;1;1;1;1;1;1;1;1;1;1;1;1;1;1;1;1;1;1;1;1;1;1;1;1;1;
834017;1;01/12/2002;1;3,2;9,0;14;8;1;1;1;;0;0,0;0,0;0,0;0,0;1,0;0,0;0,0;0,0;2,1;0,1;0,9;0,0;1,0;3,2;0,4;0,3;0,0;0,0;0,0;0,0;0,0;0,0;0,0;0,0;0,0;0,0;0,0;0,0;0,0;0,0;0,0;1;1;1;1;1;1;1;1;1;1;1;1;1;1;1;1;1;1;1;1;1;1;1;1;1;1;1;1;1;1;1;
834017;1;01/11/2002;1;13,5;56,3;27;10;1;1;1;;0;0,0;0,0;0,0;0,0;0,0;0,0;0,0;7,0;0,0;0,0;0,0;6,1;0,0;0,0;0,0;0,0;0,0;0,0;0,0;0,0;0,0;0,5;12,1;5,2;2,4;5,4;13,5;2,0;2,1;0,0;;1;1;1;1;1;1;1;1;1;1;1;1;1;1;1;1;1;1;1;1;1;1;1;1;1;1;1;1;1;1;0;
834017;1;01/10/2002;1;9,9;34,3;9;14;1;1;1;;0;0,0;0,0;0,0;0,5;0,0;3,0;3,3;5,2;9,9;0,7;0,1;0,0;6,1;1,1;0,0;0,0;0,7;0,3;0,1;0,0;2,3;0,0;0,0;0,0;1,0;0,0;0,0;0,0;0,0;0,0;0,0;1;1;1;1;1;1;1;1;1;1;1;1;1;1;1;1;1;1;1;1;1;1;1;1;1;1;1;1;1;1;1;
834017;1;01/09/2002;1;18,7;42,8;18;9;1;1;1;;0;0,8;0,0;0,0;0,0;2,0;2,6;4,0;8,1;1,5;1,0;0,0;0,0;0,0;0,0;0,0;4,1;0,0;18,7;0,0;0,0;0,0;0,0;0,0;0,0;0,0;0,0;0,0;0,0;0,0;0,0;;1;1;1;1;1;1;1;1;1;1;1;1;1;1;1;1;1;1;1;1;1;1;1;1;1;1;1;1;1;1;0;
834017;1;01/08/2002;1;21,9;114,9;18;25;1;1;1;;0;8,9;1,3;0,0;0,3;0,0;0,0;0,0;1,5;5,5;0,0;1,8;9,9;4,7;2,4;11,3;1,2;6,7;21,9;9,9;2,3;3,5;0,0;5,5;2,5;2,3;0,5;3,0;2,0;3,7;0,1;2,2;1;1;1;1;1;1;1;1;1;1;1;1;1;1;1;1;1;1;1;1;1;1;1;1;1;1;1;1;1;1;1;
834017;1;01/07/2002;1;54,8;253,8;5;26;1;1;1;;0;19,0;11,9;12,0;8,8;54,8;5,9;1,2;0,1;0,2;19,6;7,3;7,2;0,0;0,9;0,0;0,0;0,0;1,3;12,2;11,0;6,0;0,0;0,4;0,1;0,3;4,1;41,9;18,0;5,0;2,1;2,5;1;1;1;1;1;1;1;1;1;1;1;1;1;1;1;1;1;1;1;1;1;1;1;1;1;1;1;1;1;1;1;
834017;1;01/06/2002;1;135,0;533,6;8;25;1;1;1;;0;35,1;2,1;0,0;0,0;12,2;1,3;88,0;135,0;5,5;14,3;0,0;10,3;37,0;1,2;45,4;28,0;11,2;14,0;5,0;23,4;0,0;0,1;4,2;19,6;0,0;4,2;1,0;10,2;9,3;16,0;;1;1;1;1;1;1;1;1;1;1;1;1;1;1;1;1;1;1;1;1;1;1;1;1;1;1;1;1;1;1;0;
834017;1;01/05/2002;1;56,4;273,1;9;21;1;1;1;;0;9,9;23,7;1,3;0,0;0,0;15,9;41,6;0,0;56,4;13,5;7,1;8,0;0,0;0,2;3,4;48,0;16,8;0,0;0,0;0,9;8,0;3,4;0,0;0,0;0,0;3,0;1,0;0,0;0,3;8,7;2,0;1;1;1;1;1;1;1;1;1;1;1;1;1;1;1;1;1;1;1;1;1;1;1;1;1;1;1;1;1;1;1;
834017;1;01/04/2002;1;26,2;113,6;1;17;1;1;1;;0;26,2;17,6;2,2;0,0;4,1;0,0;0,0;0,0;0,0;0,0;0,0;0,0;0,0;0,0;2,4;1,5;11,0;5,5;0,0;19,3;3,1;0,9;0,0;11,2;2,3;0,2;1,6;3,9;0,0;0,6;;1;1;1;1;1;1;1;1;1;1;1;1;1;1;1;1;1;1;1;1;1;1;1;1;1;1;1;1;1;1;0;
834017;1;01/03/2002;1;55,3;280,4;4;22;1;1;1;;0;0,4;12,1;0,2;55,3;17,9;11,0;32,1;3,7;0,3;0,0;0,0;1,3;0,0;0,0;2,0;0,0;2,5;10,5;31,5;6,5;0,8;0,0;22,0;53,0;0,3;0,0;3,3;11,7;0,0;0,0;2,0;1;1;1;1;1;1;1;1;1;1;1;1;1;1;1;1;1;1;1;1;1;1;1;1;1;1;1;1;1;1;1;
834017;1;01/02/2002;1;44,5;161,0;14;16;1;1;1;;0;0,0;0,0;0,0;20,6;4,5;0,4;0,0;0,0;4,1;1,3;40,4;5,1;4,5;44,5;1,6;1,2;5,5;0,0;18,2;7,0;0,0;0,0;0,0;0,0;0,0;0,0;0,1;2,0;;;;1;1;1;1;1;1;1;1;1;1;1;1;1;1;1;1;1;1;1;1;1;1;1;1;1;1;1;1;0;0;0;
834017;1;01/01/2002;1;39,3;159,6;11;19;1;1;1;;0;0,0;0,0;33,0;0,2;0,0;23,2;23,7;1,3;9,1;3,2;39,3;4,9;0,1;0,0;0,0;4,6;2,0;1,4;5,8;0,0;1,8;2,1;0,0;2,5;0,0;0,1;1,3;0,0;0,0;0,0;0,0;1;1;1;1;1;1;1;1;1;1;1;1;1;1;1;1;1;1;1;1;1;1;1;1;1;1;1;1;1;1;1;
834017;1;01/12/2001;1;16,5;60,1;28;15;1;1;1;;0;0,0;0,0;0,0;0,0;0,0;0,0;6,1;1,1;0,0;0,9;0,7;4,4;0,0;0,0;0,0;8,7;10,8;0,1;0,0;0,0;0,2;0,0;3,5;0,0;1,0;1,2;4,0;16,5;0,9;0,0;0,0;1;1;1;1;1;1;1;1;1;1;1;1;1;1;1;1;1;1;1;1;1;1;1;1;1;1;1;1;1;1;1;
834017;1;01/11/2001;1;6,3;19,5;11;5;1;1;1;;0;0,0;0,0;0,0;0,0;0,0;0,0;0,0;0,0;4,3;5,8;6,3;0,0;0,0;0,0;0,0;0,0;0,0;1,8;0,0;0,0;0,0;0,0;0,0;0,0;0,0;0,0;0,0;1,3;0,0;0,0;;1;1;1;1;1;1;1;1;1;1;1;1;1;1;1;1;1;1;1;1;1;1;1;1;1;1;1;1;1;1;0;
834017;1;01/10/2001;1;26,4;82,5;12;11;1;1;1;;0;0,0;0,0;0,0;0,0;0,0;0,0;0,0;0,0;0,0;0,0;0,0;26,4;22,0;3,5;0,4;0,1;1,6;0,0;0,0;0,2;0,0;0,0;0,0;0,0;3,8;4,0;0,0;15,1;5,4;0,0;0,0;1;1;1;1;1;1;1;1;1;1;1;1;1;1;1;1;1;1;1;1;1;1;1;1;1;1;1;1;1;1;1;
834017;1;01/09/2001;1;50,1;76,7;3;14;1;1;1;;0;0,1;2,1;50,1;1,5;0,2;3,0;0,0;1,8;0,0;0,0;0,0;0,0;0,2;5,0;1,3;0,0;0,0;0,0;4,1;1,4;0,4;0,0;0,0;0,0;5,5;0,0;0,0;0,0;0,0;0,0;;1;1;1;1;1;1;1;1;1;1;1;1;1;1;1;1;1;1;1;1;1;1;1;1;1;1;1;1;1;1;0;
834017;1;01/08/2001;1;42,8;154,8;15;27;1;1;1;;0;1,8;1,0;17,1;0,5;0,0;4,0;9,0;4,2;2,1;2,5;0,2;0,0;8,0;0,3;42,8;23,0;2,5;0,0;1,1;1,6;2,3;9,9;1,6;1,0;1,1;3,6;0,1;0,3;0,8;12,4;0,0;1;1;1;1;1;1;1;1;1;1;1;1;1;1;1;1;1;1;1;1;1;1;1;1;1;1;1;1;1;1;1;
834017;1;01/07/2001;1;49,1;296,4;1;31;1;1;1;;0;49,1;6,0;0,1;12,6;1,4;16,5;1,8;7,4;5,1;2,6;4,2;5,2;23,5;3,0;5,6;6,5;30,1;2,0;10,5;37,0;19,3;2,0;3,3;1,9;2,0;1,9;0,4;25,8;5,4;3,9;0,3;1;1;1;1;1;1;1;1;1;1;1;1;1;1;1;1;1;1;1;1;1;1;1;1;1;1;1;1;1;1;1;
834017;1;01/06/2001;1;37,1;343,4;10;27;1;1;1;;0;22,9;27,8;3,1;2,4;9,7;10,4;35,8;1,2;3,1;37,1;0,2;19,6;33,8;19,7;19,8;8,1;0,0;0,0;5,4;3,0;6,8;20,1;3,3;7,9;2,2;8,0;27,8;0,9;0,0;3,3;;1;1;1;1;1;1;1;1;1;1;1;1;1;1;1;1;1;1;1;1;1;1;1;1;1;1;1;1;1;1;0;
834017;1;01/05/2001;1;15,9;41,8;5;9;1;1;1;;0;1,2;0,9;0,0;14,4;15,9;2,4;0,0;0,0;0,0;0,0;0,0;0,0;0,0;0,0;0,0;0,0;0,0;0,0;0,0;0,0;0,0;0,0;0,0;0,1;4,6;0,0;0,0;0,0;0,0;1,6;0,7;1;1;1;1;1;1;1;1;1;1;1;1;1;1;1;1;1;1;1;1;1;1;1;1;1;1;1;1;1;1;1;
834017;1;01/04/2001;1;60,6;194,4;29;24;1;1;1;;0;2,2;1,1;14,1;0,4;0,0;4,5;0,2;0,0;0,0;0,2;0,0;4,1;0,3;2,0;10,9;13,0;24,3;13,4;1,7;0,0;0,0;7,7;1,0;14,3;0,4;9,9;5,5;0,9;60,6;1,7;;1;1;1;1;1;1;1;1;1;1;1;1;1;1;1;1;1;1;1;1;1;1;1;1;1;1;1;1;1;1;0;
834017;1;01/03/2001;1;22,1;74,6;31;15;1;1;1;;0;0,3;0,0;3,6;1,3;0,8;0,0;0,0;0,0;1,0;1,0;0,0;0,4;0,0;6,0;4,9;0,0;0,0;0,0;0,0;0,0;0,0;0,0;0,0;0,0;0,6;0,2;1,5;0,0;21,2;9,7;22,1;1;1;1;1;1;1;1;1;1;1;1;1;1;1;1;1;1;1;1;1;1;1;1;1;1;1;1;1;1;1;1;
834017;1;01/02/2001;1;5,3;25,6;4;9;1;1;1;;0;0,0;0,0;0,0;5,3;0,4;3,0;0,0;1,8;0,0;0,0;0,0;1,9;0,0;0,0;2,9;0,0;0,0;0,0;0,0;0,0;0,0;0,0;0,0;0,0;5,2;0,0;3,2;1,9;;;;1;1;1;1;1;1;1;1;1;1;1;1;1;1;1;1;1;1;1;1;1;1;1;1;1;1;1;1;0;0;0;
834017;1;01/01/2001;1;4,9;22,1;12;12;1;1;1;;0;0,0;0,0;0,1;3,5;2,3;2,2;0,5;0,0;0,0;2,0;2,9;4,9;1,9;0,2;1,5;0,1;0,0;0,0;0,0;0,0;0,0;0,0;0,0;0,0;0,0;0,0;0,0;0,0;0,0;0,0;0,0;1;1;1;1;1;1;1;1;1;1;1;1;1;1;1;1;1;1;1;1;1;1;1;1;1;1;1;1;1;1;1;
834017;1;01/12/2000;1;94,3;179,4;17;10;1;1;1;;0;0,0;0,0;0,0;0,0;0,0;0,2;0,0;0,0;0,0;0,0;0,0;0,5;36,4;11,6;23,6;12,3;94,3;0,3;0,1;0,0;0,0;0,0;0,0;0,0;0,0;0,0;0,1;0,0;0,0;0,0;0,0;1;1;1;1;1;1;1;1;1;1;1;1;1;1;1;1;1;1;1;1;1;1;1;1;1;1;1;1;1;1;1;
834017;1;01/11/2000;1;19,1;32,1;26;7;1;1;1;;0;0,0;0,0;0,0;0,0;0,0;0,0;0,0;0,0;0,0;0,8;0,0;0,0;0,0;0,0;0,0;0,0;0,0;7,8;1,0;0,0;0,0;0,0;0,0;0,0;0,0;19,1;1,4;0,8;1,2;0,0;;1;1;1;1;1;1;1;1;1;1;1;1;1;1;1;1;1;1;1;1;1;1;1;1;1;1;1;1;1;1;0;
834017;1;01/10/2000;1;16,2;32,1;12;11;1;1;1;;0;0,0;0,0;0,0;0,0;0,0;0,0;2,1;1,5;0,0;0,2;0,9;16,2;5,6;1,0;0,0;0,0;0,0;2,1;0,6;0,0;0,0;0,0;0,0;0,0;0,0;1,7;0,2;0,0;0,0;0,0;0,0;1;1;1;1;1;1;1;1;1;1;1;1;1;1;1;1;1;1;1;1;1;1;1;1;1;1;1;1;1;1;1;
834017;1;01/09/2000;1;67,2;267,6;17;28;1;1;1;;0;8,1;3,1;0,0;0,3;5,4;2,0;3,8;5,8;1,8;42,4;6,4;7,6;7,0;14,5;7,2;16,4;67,2;24,2;21,1;10,5;7,0;0,3;0,6;1,0;1,2;0,6;0,5;0,9;0,0;0,7;;1;1;1;1;1;1;1;1;1;1;1;1;1;1;1;1;1;1;1;1;1;1;1;1;1;1;1;1;1;1;0;
834017;1;01/08/2000;1;237,4;456,0;1;22;1;1;0;;0;237,4;54,3;18,9;0,0;5,0;7,3;3,7;19,0;32,4;1,8;4,3;0,0;0,0;1,6;3,6;0,0;1,3;26,1;11,2;0,8;0,9;0,0;0,0;6,2;13,6;4,7;0,0;0,5;1,4;0,0;0,0;1;1;1;1;1;1;1;1;1;1;1;1;1;1;1;1;1;1;1;1;1;1;1;1;1;1;1;1;1;1;1;
834017;1;01/07/2000;1;71,1;499,0;31;29;1;1;0;;0;40,2;8,6;38,4;39,5;14,5;8,2;12,0;6,0;1,8;3,9;25,8;50,0;3,0;4,6;38,3;3,3;0,0;0,0;0,4;46,3;3,4;0,2;3,7;1,5;8,0;2,6;21,7;7,3;1,4;33,3;71,1;1;1;1;1;1;1;1;1;1;1;1;1;1;1;1;1;1;1;1;1;1;1;1;1;1;1;1;1;1;1;1;
834017;1;01/06/2000;1;98,3;541,1;26;26;1;1;0;;0;43,3;0,1;0,2;1,9;0,0;14,6;49,5;69,8;80,7;7,7;9,1;1,2;13,1;17,1;7,1;68,0;10,7;0,0;3,4;14,8;6,0;9,8;3,3;0,1;1,1;98,3;0,0;3,4;0,0;6,8;;1;1;1;1;1;1;1;1;1;1;1;1;1;1;1;1;1;1;1;1;1;1;1;1;1;1;1;1;1;1;0;
834017;1;01/05/2000;1;77,5;326,9;17;24;1;1;0;;0;0,0;6,7;32,9;17,7;0,9;53,9;48,7;12,4;0,1;7,7;0,6;0,6;1,8;30,2;3,9;5,8;77,5;3,5;0,0;0,0;0,8;0,3;7,2;5,6;0,4;0,3;0,0;0,0;0,0;0,0;7,4;1;1;1;1;1;1;1;1;1;1;1;1;1;1;1;1;1;1;1;1;1;1;1;1;1;1;1;1;1;1;1;
834017;2;01/12/2006;1;89,8;132,5;20;7;1;1;1;;0;0,0;0,0;0,0;0,9;0,0;0,0;0,0;2,9;0,0;0,0;0,0;0,0;0,0;0,0;0,0;0,6;0,0;0,0;0,0;89,8;0,0;0,0;0,0;0,0;0,0;0,0;0,0;17,6;15,8;4,9;0,0;1;1;1;1;1;1;1;1;1;1;1;1;1;1;1;1;1;1;1;1;1;1;1;1;1;1;1;1;1;1;1;
834017;2;01/11/2006;1;33,1;66,7;16;7;1;1;1;;0;0,0;0,0;0,0;0,0;0,0;0,0;0,0;0,0;0,0;0,0;0,0;0,0;0,0;0,0;0,0;33,1;1,0;0,6;29,1;0,9;0,8;0,0;0,0;0,0;0,0;1,2;0,0;0,0;0,0;0,0;;1;1;1;1;1;1;1;1;1;1;1;1;1;1;1;1;1;1;1;1;1;1;1;1;1;1;1;1;1;1;0;
834017;2;01/10/2006;1;2,9;8,1;26;9;1;1;1;;0;0,0;0,0;0,0;0,0;0,2;0,0;0,3;0,2;0,0;0,3;0,5;1,6;0,0;0,0;0,0;0,0;0,0;0,0;0,0;0,0;0,0;0,0;0,0;0,3;1,8;2,9;0,0;0,0;0,0;0,0;0,0;1;1;1;1;1;1;1;1;1;1;1;1;1;1;1;1;1;1;1;1;1;1;1;1;1;1;1;1;1;1;1;
834017;2;01/09/2006;1;51,8;86,6;1;12;1;1;1;;0;51,8;1,2;0,0;0,0;0,0;0,0;3,1;0,0;0,8;6,8;0,0;6,3;7,1;2,1;4,0;0,0;0,0;0,0;0,0;0,2;0,3;0,0;0,0;0,0;0,0;0,0;2,9;0,0;0,0;0,0;;1;1;1;1;1;1;1;1;1;1;1;1;1;1;1;1;1;1;1;1;1;1;1;1;1;1;1;1;1;1;0;
834017;2;01/08/2006;1;27,6;128,2;16;20;1;1;1;;0;3,8;0,0;0,0;8,9;2,2;0,0;12,3;0,0;16,8;6,8;0,4;6,8;7,5;0,8;1,1;27,6;9,6;2,9;0,1;0,0;0,8;0,0;0,0;0,8;0,1;0,1;0,0;0,0;0,0;0,0;18,8;1;1;1;1;1;1;1;1;1;1;1;1;1;1;1;1;1;1;1;1;1;1;1;1;1;1;1;1;1;1;1;
834017;2;01/07/2006;1;44,5;205,8;8;21;1;1;1;;0;0,0;0,0;0,0;0,0;0,0;12,0;2,5;44,5;15,2;3,5;7,0;12,2;2,4;2,5;3,2;0,8;33,5;16,8;1,6;0,0;0,0;0,3;8,0;3,3;8,0;24,9;3,3;0,0;0,0;0,0;0,3;1;1;1;1;1;1;1;1;1;1;1;1;1;1;1;1;1;1;1;1;1;1;1;1;1;1;1;1;1;1;1;
834017;2;01/06/2006;1;85,7;375,6;8;27;1;1;1;;0;0,2;0,0;1,3;5,2;3,1;0,0;23,2;85,7;0,2;4,6;0,4;33,3;22,2;2,7;5,1;8,1;0,0;7,6;3,7;0,4;52,7;39,1;5,3;15,1;3,8;0,8;7,7;34,9;2,9;6,3;;1;1;1;1;1;1;1;1;1;1;1;1;1;1;1;1;1;1;1;1;1;1;1;1;1;1;1;1;1;1;0;
834017;2;01/05/2006;1;57,8;319,0;1;27;1;1;1;;0;57,8;3,1;1,9;0,0;13,9;3,2;0,0;2,3;3,0;26,8;0,2;0,0;2,1;1,9;23,3;12,3;18,9;13,2;8,9;17,6;0,2;0,9;15,6;17,3;28,7;3,4;3,1;10,7;7,4;21,3;0,0;1;1;1;1;1;1;1;1;1;1;1;1;1;1;1;1;1;1;1;1;1;1;1;1;1;1;1;1;1;1;1;
834017;2;01/04/2006;1;103,1;238,2;9;19;1;1;1;;0;0,0;1,0;5,9;0,0;0,3;0,1;1,3;0,2;103,1;0,0;0,0;0,0;0,9;13,1;16,9;0,0;0,0;14,6;0,0;1,0;0,0;1,3;2,2;15,6;7,7;33,0;0,0;0,0;5,7;14,3;;1;1;1;1;1;1;1;1;1;1;1;1;1;1;1;1;1;1;1;1;1;1;1;1;1;1;1;1;1;1;0;
834017;2;01/03/2006;1;40,9;121,1;3;12;1;1;1;;0;0,0;11,6;40,9;0,7;0,0;0,0;0,0;0,0;0,0;0,0;0,0;0,0;0,0;0,0;0,0;0,0;13,2;0,0;12,4;2,4;6,8;0,0;0,2;29,8;0,0;0,6;1,3;0,0;0,0;0,0;1,2;1;1;1;1;1;1;1;1;1;1;1;1;1;1;1;1;1;1;1;1;1;1;1;1;1;1;1;1;1;1;1;
834017;2;01/02/2006;1;9,8;23,2;23;8;1;1;1;;0;0,0;0,8;0,0;0,0;0,0;0,0;0,0;0,1;0,0;0,0;0,0;0,0;0,0;3,9;0,0;0,0;0,0;1,4;0,8;0,0;0,0;2,1;9,8;4,3;0,0;0,0;0,0;0,0;;;;1;1;1;1;1;1;1;1;1;1;1;1;1;1;1;1;1;1;1;1;1;1;1;1;1;1;1;1;0;0;0;
834017;2;01/01/2006;1;6,9;16,6;16;10;1;1;1;;0;0,0;0,0;0,0;0,0;0,9;0,0;1,0;0,0;0,0;1,9;0,6;0,0;0,7;0,2;0,0;6,9;0,2;0,0;0,0;3,9;0,0;0,0;0,0;0,0;0,0;0,3;0,0;0,0;0,0;0,0;0,0;1;1;1;1;1;1;1;1;1;1;1;1;1;1;1;1;1;1;1;1;1;1;1;1;1;1;1;1;1;1;1;
834017;2;01/12/2005;1;28,1;68,8;7;13;1;1;1;;0;0,0;0,0;0,0;0,0;0,0;15,8;28,1;0,8;0,0;0,0;0,0;4,1;0,0;0,3;2,2;0,0;0,0;0,1;0,6;0,0;0,0;0,0;0,1;0,0;0,0;0,0;0,9;0,0;1,8;3,9;10,1;1;1;1;1;1;1;1;1;1;1;1;1;1;1;1;1;1;1;1;1;1;1;1;1;1;1;1;1;1;1;1;
834017;2;01/11/2005;1;16,9;22,7;6;10;1;1;1;;0;0,0;0,0;0,0;1,2;0,7;16,9;0,0;0,7;0,0;0,0;0,0;0,0;0,0;0,0;0,0;0,0;0,5;0,2;0,1;0,0;0,0;2,0;0,0;0,0;0,0;0,1;0,0;0,0;0,0;0,3;;1;1;1;1;1;1;1;1;1;1;1;1;1;1;1;1;1;1;1;1;1;1;1;1;1;1;1;1;1;1;0;
834017;2;01/10/2005;1;18,7;44,5;8;11;1;1;1;;0;0,0;0,0;0,0;0,0;5,3;1,1;1,8;18,7;0,2;0,8;2,8;0,2;0,0;3,8;0,0;0,0;8,8;0,0;0,0;0,0;1,0;0,0;0,0;0,0;0,0;0,0;0,0;0,0;0,0;0,0;0,0;1;1;1;1;1;1;1;1;1;1;1;1;1;1;1;1;1;1;1;1;1;1;1;1;1;1;1;1;1;1;1;
834017;2;01/09/2005;1;9,4;35,4;5;12;1;1;1;;0;0,0;0,1;4,0;0,0;9,4;6,5;0,2;0,1;0,0;0,0;9,0;0,1;0,0;0,3;3,1;0,0;0,0;0,0;1,8;0,0;0,0;0,0;0,0;0,0;0,0;0,0;0,0;0,0;0,8;0,0;;1;1;1;1;1;1;1;1;1;1;1;1;1;1;1;1;1;1;1;1;1;1;1;1;1;1;1;1;1;1;0;
834017;2;01/08/2005;1;51,1;288,8;25;28;1;1;1;;0;0,0;15,6;5,0;6,5;7,3;15,1;0,0;0,9;0,3;0,5;0,0;25,1;0,1;0,1;17,3;36,1;12,8;5,2;7,7;16,1;7,9;2,7;13,8;26,9;51,1;6,9;0,2;1,9;1,6;3,9;0,2;1;1;1;1;1;1;1;1;1;1;1;1;1;1;1;1;1;1;1;1;1;1;1;1;1;1;1;1;1;1;1;
834017;2;01/07/2005;1;29,3;128,4;1;22;1;1;1;;0;29,3;4,7;7,4;3,9;0,0;0,0;5,8;3,4;0,0;5,5;3,8;2,8;0,0;1,0;0,7;0,0;0,0;0,4;23,7;9,0;0,7;0,8;6,9;0,0;0,0;1,3;0,5;0,0;3,6;10,1;3,1;1;1;1;1;1;1;1;1;1;1;1;1;1;1;1;1;1;1;1;1;1;1;1;1;1;1;1;1;1;1;1;
834017;2;01/06/2005;1;101,7;707,8;2;30;1;1;1;;0;86,6;101,7;45,6;0,1;11,3;2,1;1,9;56,1;4,4;1,3;15,9;5,8;16,2;26,8;67,6;0,8;8,3;35,8;67,8;2,6;32,7;5,5;5,4;13,0;47,4;2,3;5,1;7,3;29,2;1,2;;1;1;1;1;1;1;1;1;1;1;1;1;1;1;1;1;1;1;1;1;1;1;1;1;1;1;1;1;1;1;0;
834017;2;01/05/2005;1;88,3;487,4;17;27;1;1;1;;0;0,0;0,0;0,0;0,3;0,5;3,9;0,9;24,9;0,0;8,8;10,1;22,8;28,0;12,3;6,2;28,5;88,3;32,0;14,9;18,6;0,3;2,0;56,5;36,3;1,5;1,9;0,3;7,1;2,1;71,8;6,6;1;1;1;1;1;1;1;1;1;1;1;1;1;1;1;1;1;1;1;1;1;1;1;1;1;1;1;1;1;1;1;
834017;2;01/04/2005;1;33,5;110,3;28;19;1;1;1;;0;0,0;8,5;17,2;0,3;0,0;2,3;0,4;0,2;0,0;7,0;2,1;0,2;0,5;0,2;18,3;0,1;5,9;0,0;4,9;0,1;0,0;0,0;0,0;1,8;0,0;0,0;0,0;33,5;6,8;0,0;;1;1;1;1;1;1;1;1;1;1;1;1;1;1;1;1;1;1;1;1;1;1;1;1;1;1;1;1;1;1;0;
834017;2;01/03/2005;1;52,5;119,1;27;15;1;1;1;;0;0,2;0,0;0,0;0,0;0,1;0,3;0,0;0,0;0,0;0,0;0,0;0,0;1,3;0,0;0,0;1,2;0,0;0,3;0,2;0,0;0,6;3,2;0,0;0,4;0,0;0,0;52,5;33,0;0,8;8,1;16,9;1;1;1;1;1;1;1;1;1;1;1;1;1;1;1;1;1;1;1;1;1;1;1;1;1;1;1;1;1;1;1;
834017;2;01/02/2005;1;15,2;62,5;10;13;1;1;1;;0;0,0;1,0;0,0;5,6;0,0;0,0;0,0;0,6;6,8;15,2;10,5;0,6;0,0;0,0;0,0;7,8;7,3;0,0;0,8;0,0;0,0;0,0;0,0;0,1;1,3;4,9;0,0;0,0;;;;1;1;1;1;1;1;1;1;1;1;1;1;1;1;1;1;1;1;1;1;1;1;1;1;1;1;1;1;0;0;0;
834017;2;01/01/2005;1;5,1;13,2;26;6;1;1;1;;0;0,0;0,0;0,0;1,5;4,1;0,0;0,0;1,5;0,0;0,0;0,8;0,0;0,0;0,0;0,0;0,0;0,0;0,2;0,0;0,0;0,0;0,0;0,0;0,0;0,0;5,1;0,0;0,0;0,0;0,0;0,0;1;1;1;1;1;1;1;1;1;1;1;1;1;1;1;1;1;1;1;1;1;1;1;1;1;1;1;1;1;1;1;
834017;2;01/12/2004;1;7,3;9,4;31;4;1;1;1;;0;0,0;0,3;0,8;0,0;0,0;0,0;0,0;0,0;0,0;0,0;0,0;0,0;0,0;0,0;1,0;0,0;0,0;0,0;0,0;0,0;0,0;0,0;0,0;0,0;0,0;0,0;0,0;0,0;0,0;0,0;7,3;1;1;1;1;1;1;1;1;1;1;1;1;1;1;1;1;1;1;1;1;1;1;1;1;1;1;1;1;1;1;1;
834017;2;01/11/2004;1;3,0;8,8;7;6;1;1;1;;0;0,0;0,0;0,0;0,0;0,2;2,5;3,0;0,0;0,0;0,0;0,0;0,0;0,5;0,0;0,0;0,0;0,0;0,0;0,0;0,0;0,0;0,0;0,0;0,1;0,0;0,0;2,5;0,0;0,0;0,0;;1;1;1;1;1;1;1;1;1;1;1;1;1;1;1;1;1;1;1;1;1;1;1;1;1;1;1;1;1;1;0;
834017;2;01/10/2004;1;11,0;25,4;13;9;1;1;1;;0;0,0;0,0;0,0;0,0;0,0;0,3;0,0;0,0;0,2;0,0;0,0;0,0;11,0;6,5;0,0;0,0;0,0;1,1;0,0;0,0;0,0;0,0;0,9;4,3;0,8;0,0;0,0;0,0;0,0;0,3;0,0;1;1;1;1;1;1;1;1;1;1;1;1;1;1;1;1;1;1;1;1;1;1;1;1;1;1;1;1;1;1;1;
834017;2;01/09/2004;1;18,9;61,7;10;15;1;1;1;;0;0,0;6,5;0,0;0,0;0,0;0,0;0,0;0,0;0,0;18,9;1,8;0,0;0,0;0,0;0,0;0,0;0,0;0,0;11,0;0,5;0,2;4,5;2,0;1,9;2,9;5,5;1,2;4,5;0,1;0,2;;1;1;1;1;1;1;1;1;1;1;1;1;1;1;1;1;1;1;1;1;1;1;1;1;1;1;1;1;1;1;0;
834017;2;01/08/2004;1;23,6;121,6;16;24;1;1;1;;0;9,0;0,5;7,1;0,9;3,5;9,9;3,0;0,3;0,6;1,1;3,2;1,8;0,3;0,2;7,0;23,6;6,9;3,8;5,9;0,8;0,0;22,1;0,9;0,0;0,0;0,0;4,2;5,0;0,0;0,0;0,0;1;1;1;1;1;1;1;1;1;1;1;1;1;1;1;1;1;1;1;1;1;1;1;1;1;1;1;1;1;1;1;
834017;2;01/07/2004;1;34,2;276,9;16;25;1;1;1;;0;2,5;13,1;27,8;13,5;0,1;4,6;3,9;2,5;28,0;0,0;0,3;0,1;6,9;17,3;1,5;34,2;6,9;19,8;0,2;0,0;0,2;0,0;0,0;0,0;14,0;33,5;2,0;1,0;30,5;12,5;0,0;1;1;1;1;1;1;1;1;1;1;1;1;1;1;1;1;1;1;1;1;1;1;1;1;1;1;1;1;1;1;1;
834017;2;01/06/2004;1;98,5;513,2;17;28;1;1;1;;0;43,0;1,0;13,0;0,0;12,3;0,0;2,8;3,0;0,1;1,0;9,0;5,1;13,7;44,0;3,8;34,1;98,5;48,2;14,9;28,0;14,5;5,0;8,0;1,0;3,8;42,6;25,8;4,5;13,0;19,5;;1;1;1;1;1;1;1;1;1;1;1;1;1;1;1;1;1;1;1;1;1;1;1;1;1;1;1;1;1;1;0;
834017;2;01/05/2004;1;56,2;338,6;20;27;1;1;1;;0;7,1;5,0;0,0;0,0;4,3;7,8;9,9;5,3;1,3;24,0;14,5;0,3;0,0;0,0;0,1;1,3;12,8;7,9;11,2;56,2;12,8;1,7;1,9;6,3;48,3;51,0;10,1;15,3;10,2;7,0;5,0;1;1;1;1;1;1;1;1;1;1;1;1;1;1;1;1;1;1;1;1;1;1;1;1;1;1;1;1;1;1;1;
834017;2;01/04/2004;1;64,3;261,7;22;22;1;1;1;;0;4,5;0,0;4,1;0,0;0,0;4,1;0,0;13,5;6,0;3,1;14,0;0,0;1,0;22,1;13,8;16,3;12,0;9,2;6,5;1,1;11,5;64,3;26,0;18,5;1,6;1,5;0,0;0,0;0,0;7,0;;1;1;1;1;1;1;1;1;1;1;1;1;1;1;1;1;1;1;1;1;1;1;1;1;1;1;1;1;1;1;0;
834017;2;01/03/2004;1;33,2;141,8;10;20;1;1;1;;0;0,0;0,8;4,3;3,0;0,0;2,1;27,5;1,3;0,0;33,2;12,2;8,5;0,0;0,0;7,2;3,0;24,5;2,1;0,0;0,1;0,0;5,1;2,0;4,0;0,2;0,5;0,2;0,0;0,0;0,0;0,0;1;1;1;1;1;1;1;1;1;1;1;1;1;1;1;1;1;1;1;1;1;1;1;1;1;1;1;1;1;1;1;
834017;2;01/02/2004;1;61,0;218,3;3;13;1;1;1;;0;23,3;55,2;61,0;29,3;6,2;9,5;0,0;0,0;0,0;0,0;0,0;15,0;0,0;0,0;2,5;0,3;0,0;0,0;8,0;2,8;0,3;0,0;0,0;4,9;0,0;0,0;0,0;0,0;0,0;;;1;1;1;1;1;1;1;1;1;1;1;1;1;1;1;1;1;1;1;1;1;1;1;1;1;1;1;1;1;0;0;
834017;2;01/01/2004;1;39,0;262,3;22;23;1;1;1;;0;0,0;0,0;0,0;0,0;0,0;2,0;0,5;5,2;0,3;0,2;2,1;0,0;0,0;1,2;8,0;32,8;0,2;0,0;16,8;1,7;7,9;39,0;26,0;1,9;2,9;7,3;15,9;10,6;31,8;14,5;33,5;1;1;1;1;1;1;1;1;1;1;1;1;1;1;1;1;1;1;1;1;1;1;1;1;1;1;1;1;1;1;1;
834017;2;01/12/2003;1;6,6;30,5;29;10;1;1;1;;0;0,0;0,0;0,0;0,0;0,0;0,0;0,0;0,0;0,0;0,0;2,0;3,6;3,8;0,0;0,0;2,4;4,5;0,0;0,0;0,0;0,0;1,8;0,3;0,0;0,0;0,0;0,0;1,9;6,6;3,6;0,0;1;1;1;1;1;1;1;1;1;1;1;1;1;1;1;1;1;1;1;1;1;1;1;1;1;1;1;1;1;1;1;
834017;2;01/11/2003;1;9,2;18,9;17;7;1;1;1;;0;0,0;0,0;0,0;0,0;0,0;0,0;0,0;0,0;0,0;0,0;1,5;1,4;0,0;0,0;0,0;0,5;9,2;0,1;6,1;0,0;0,0;0,0;0,0;0,0;0,0;0,0;0,1;0,0;0,0;0,0;;1;1;1;1;1;1;1;1;1;1;1;1;1;1;1;1;1;1;1;1;1;1;1;1;1;1;1;1;1;1;0;
834017;2;01/10/2003;1;9,0;25,8;18;11;1;1;1;;0;0,0;0,0;0,0;0,0;0,0;0,0;0,0;0,0;0,9;0,0;0,0;0,0;0,0;0,0;0,9;0,0;0,8;9,0;0,0;0,0;0,0;2,8;0,0;0,1;2,0;0,0;7,1;1,0;1,0;0,0;0,2;1;1;1;1;1;1;1;1;1;1;1;1;1;1;1;1;1;1;1;1;1;1;1;1;1;1;1;1;1;1;1;
834017;2;01/09/2003;1;20,1;111,1;7;16;1;1;1;;0;7,0;1,0;0,0;3,1;5,2;18,5;20,1;19,5;5,1;1,7;0,2;6,7;1,4;9,0;0,0;2,7;0,0;0,0;0,0;9,4;0,0;0,5;0,0;0,0;0,0;0,0;0,0;0,0;0,0;0,0;;1;1;1;1;1;1;1;1;1;1;1;1;1;1;1;1;1;1;1;1;1;1;1;1;1;1;1;1;1;1;0;
834017;2;01/08/2003;1;24,5;161,2;27;22;1;1;1;;0;0,0;20,5;0,0;0,5;0,8;1,2;1,6;8,9;0,0;9,1;0,3;0,0;0,0;0,8;13,8;10,3;1,0;0,0;0,0;0,9;0,3;13,4;18,9;14,2;0,2;0,1;24,5;19,0;0,0;0,0;0,9;1;1;1;1;1;1;1;1;1;1;1;1;1;1;1;1;1;1;1;1;1;1;1;1;1;1;1;1;1;1;1;
834017;2;01/07/2003;1;52,1;273,9;2;26;1;1;1;;0;0,0;52,1;49,5;6,8;0,1;43,5;0,3;19,5;0,0;3,5;19,5;10,2;15,0;0,0;1,9;0,3;0,0;0,4;15,5;0,3;5,2;0,0;1,2;3,2;3,1;2,0;0,3;4,0;9,8;4,5;2,2;1;1;1;1;1;1;1;1;1;1;1;1;1;1;1;1;1;1;1;1;1;1;1;1;1;1;1;1;1;1;1;
834017;2;01/06/2003;1;78,6;466,9;16;22;1;1;1;;0;0,0;3,4;0,1;38,8;27,3;0,5;28,4;4,4;3,0;20,5;15,9;2,6;2,7;16,0;59,0;78,6;30,4;0,0;45,6;24,4;20,0;3,9;0,0;0,0;0,0;0,0;0,0;0,0;40,1;1,3;;1;1;1;1;1;1;1;1;1;1;1;1;1;1;1;1;1;1;1;1;1;1;1;1;1;1;1;1;1;1;0;
834017;2;01/05/2003;1;94,9;266,6;2;19;1;1;1;;0;34,1;94,9;2,0;0,0;0,0;0,0;0,0;0,2;0,0;0,0;1,1;2,1;4,3;0,1;83,5;18,2;2,4;2,8;1,8;1,5;0,0;3,9;0,0;0,1;1,3;0,0;0,0;0,8;0,0;0,0;11,5;1;1;1;1;1;1;1;1;1;1;1;1;1;1;1;1;1;1;1;1;1;1;1;1;1;1;1;1;1;1;1;
834017;2;01/04/2003;1;30,1;83,0;22;14;1;1;1;;0;0,7;0,0;0,0;3,0;0,0;0,0;0,0;0,0;7,4;0,2;0,0;0,0;0,0;0,0;0,0;0,0;0,8;6,9;15,9;2,0;5,8;30,1;0,0;3,1;0,0;0,4;5,8;0,0;0,9;0,0;;1;1;1;1;1;1;1;1;1;1;1;1;1;1;1;1;1;1;1;1;1;1;1;1;1;1;1;1;1;1;0;
834017;2;01/03/2003;1;138,0;441,2;19;23;1;1;1;;0;0,0;2,3;0,0;64,1;22,1;0,0;1,0;16,9;0,0;1,1;0,2;0,0;0,9;15,3;21,1;22,8;31,1;0,0;138,0;17,0;19,7;0,0;12,3;4,3;27,7;0,5;0,3;16,3;2,6;0,0;3,6;1;1;1;1;1;1;1;1;1;1;1;1;1;1;1;1;1;1;1;1;1;1;1;1;1;1;1;1;1;1;1;
834017;2;01/02/2003;1;62,0;192,1;24;16;1;1;1;;0;1,2;0,8;2,6;18,5;11,3;2,1;0,0;0,0;0,0;0,0;0,0;0,0;0,0;0,0;0,3;0,0;0,8;0,0;36,1;10,1;9,9;0,3;0,0;62,0;34,1;0,0;0,1;1,9;;;;1;1;1;1;1;1;1;1;1;1;1;1;1;1;1;1;1;1;1;1;1;1;1;1;1;1;1;1;0;0;0;
834017;2;01/01/2003;1;6,9;25,9;21;9;1;1;1;;0;0,0;0,0;0,0;0,0;0,0;0,0;0,0;0,0;0,0;0,0;0,0;0,0;0,0;0,0;0,0;0,0;0,0;1,3;0,0;0,0;6,9;0,0;0,7;3,2;0,0;0,0;2,8;2,5;4,7;2,2;1,6;1;1;1;1;1;1;1;1;1;1;1;1;1;1;1;1;1;1;1;1;1;1;1;1;1;1;1;1;1;1;1;
834017;2;01/12/2002;1;3,2;9,0;14;8;1;1;1;;0;0,0;0,0;0,0;0,0;1,0;0,0;0,0;0,0;2,1;0,1;0,9;0,0;1,0;3,2;0,4;0,3;0,0;0,0;0,0;0,0;0,0;0,0;0,0;0,0;0,0;0,0;0,0;0,0;0,0;0,0;0,0;1;1;1;1;1;1;1;1;1;1;1;1;1;1;1;1;1;1;1;1;1;1;1;1;1;1;1;1;1;1;1;
834017;2;01/11/2002;1;13,5;56,3;27;10;1;1;1;;0;0,0;0,0;0,0;0,0;0,0;0,0;0,0;7,0;0,0;0,0;0,0;6,1;0,0;0,0;0,0;0,0;0,0;0,0;0,0;0,0;0,0;0,5;12,1;5,2;2,4;5,4;13,5;2,0;2,1;0,0;;1;1;1;1;1;1;1;1;1;1;1;1;1;1;1;1;1;1;1;1;1;1;1;1;1;1;1;1;1;1;0;
834017;2;01/10/2002;1;9,9;34,3;9;14;1;1;1;;0;0,0;0,0;0,0;0,5;0,0;3,0;3,3;5,2;9,9;0,7;0,1;0,0;6,1;1,1;0,0;0,0;0,7;0,3;0,1;0,0;2,3;0,0;0,0;0,0;1,0;0,0;0,0;0,0;0,0;0,0;0,0;1;1;1;1;1;1;1;1;1;1;1;1;1;1;1;1;1;1;1;1;1;1;1;1;1;1;1;1;1;1;1;
834017;2;01/09/2002;1;18,7;42,8;18;9;1;1;1;;0;0,8;0,0;0,0;0,0;2,0;2,6;4,0;8,1;1,5;1,0;0,0;0,0;0,0;0,0;0,0;4,1;0,0;18,7;0,0;0,0;0,0;0,0;0,0;0,0;0,0;0,0;0,0;0,0;0,0;0,0;;1;1;1;1;1;1;1;1;1;1;1;1;1;1;1;1;1;1;1;1;1;1;1;1;1;1;1;1;1;1;0;
834017;2;01/08/2002;1;21,9;114,9;18;25;1;1;1;;0;8,9;1,3;0,0;0,3;0,0;0,0;0,0;1,5;5,5;0,0;1,8;9,9;4,7;2,4;11,3;1,2;6,7;21,9;9,9;2,3;3,5;0,0;5,5;2,5;2,3;0,5;3,0;2,0;3,7;0,1;2,2;1;1;1;1;1;1;1;1;1;1;1;1;1;1;1;1;1;1;1;1;1;1;1;1;1;1;1;1;1;1;1;
834017;2;01/07/2002;1;54,8;253,8;5;26;1;1;1;;0;19,0;11,9;12,0;8,8;54,8;5,9;1,2;0,1;0,2;19,6;7,3;7,2;0,0;0,9;0,0;0,0;0,0;1,3;12,2;11,0;6,0;0,0;0,4;0,1;0,3;4,1;41,9;18,0;5,0;2,1;2,5;1;1;1;1;1;1;1;1;1;1;1;1;1;1;1;1;1;1;1;1;1;1;1;1;1;1;1;1;1;1;1;
834017;2;01/06/2002;1;135,0;533,6;8;25;1;1;1;;0;35,1;2,1;0,0;0,0;12,2;1,3;88,0;135,0;5,5;14,3;0,0;10,3;37,0;1,2;45,4;28,0;11,2;14,0;5,0;23,4;0,0;0,1;4,2;19,6;0,0;4,2;1,0;10,2;9,3;16,0;;1;1;1;1;1;1;1;1;1;1;1;1;1;1;1;1;1;1;1;1;1;1;1;1;1;1;1;1;1;1;0;
834017;2;01/05/2002;1;56,4;273,1;9;21;1;1;1;;0;9,9;23,7;1,3;0,0;0,0;15,9;41,6;0,0;56,4;13,5;7,1;8,0;0,0;0,2;3,4;48,0;16,8;0,0;0,0;0,9;8,0;3,4;0,0;0,0;0,0;3,0;1,0;0,0;0,3;8,7;2,0;1;1;1;1;1;1;1;1;1;1;1;1;1;1;1;1;1;1;1;1;1;1;1;1;1;1;1;1;1;1;1;
834017;2;01/04/2002;1;26,2;113,6;1;17;1;1;1;;0;26,2;17,6;2,2;0,0;4,1;0,0;0,0;0,0;0,0;0,0;0,0;0,0;0,0;0,0;2,4;1,5;11,0;5,5;0,0;19,3;3,1;0,9;0,0;11,2;2,3;0,2;1,6;3,9;0,0;0,6;;1;1;1;1;1;1;1;1;1;1;1;1;1;1;1;1;1;1;1;1;1;1;1;1;1;1;1;1;1;1;0;
834017;2;01/03/2002;1;55,3;280,4;4;22;1;1;1;;0;0,4;12,1;0,2;55,3;17,9;11,0;32,1;3,7;0,3;0,0;0,0;1,3;0,0;0,0;2,0;0,0;2,5;10,5;31,5;6,5;0,8;0,0;22,0;53,0;0,3;0,0;3,3;11,7;0,0;0,0;2,0;1;1;1;1;1;1;1;1;1;1;1;1;1;1;1;1;1;1;1;1;1;1;1;1;1;1;1;1;1;1;1;
834017;2;01/02/2002;1;44,5;161,0;14;16;1;1;1;;0;0,0;0,0;0,0;20,6;4,5;0,4;0,0;0,0;4,1;1,3;40,4;5,1;4,5;44,5;1,6;1,2;5,5;0,0;18,2;7,0;0,0;0,0;0,0;0,0;0,0;0,0;0,1;2,0;;;;1;1;1;1;1;1;1;1;1;1;1;1;1;1;1;1;1;1;1;1;1;1;1;1;1;1;1;1;0;0;0;
834017;2;01/01/2002;1;39,3;159,6;11;19;1;1;1;;0;0,0;0,0;33,0;0,2;0,0;23,2;23,7;1,3;9,1;3,2;39,3;4,9;0,1;0,0;0,0;4,6;2,0;1,4;5,8;0,0;1,8;2,1;0,0;2,5;0,0;0,1;1,3;0,0;0,0;0,0;0,0;1;1;1;1;1;1;1;1;1;1;1;1;1;1;1;1;1;1;1;1;1;1;1;1;1;1;1;1;1;1;1;
834017;2;01/12/2001;1;16,5;60,1;28;15;1;1;1;;0;0,0;0,0;0,0;0,0;0,0;0,0;6,1;1,1;0,0;0,9;0,7;4,4;0,0;0,0;0,0;8,7;10,8;0,1;0,0;0,0;0,2;0,0;3,5;0,0;1,0;1,2;4,0;16,5;0,9;0,0;0,0;1;1;1;1;1;1;1;1;1;1;1;1;1;1;1;1;1;1;1;1;1;1;1;1;1;1;1;1;1;1;1;
834017;2;01/11/2001;1;6,3;19,5;11;5;1;1;1;;0;0,0;0,0;0,0;0,0;0,0;0,0;0,0;0,0;4,3;5,8;6,3;0,0;0,0;0,0;0,0;0,0;0,0;1,8;0,0;0,0;0,0;0,0;0,0;0,0;0,0;0,0;0,0;1,3;0,0;0,0;;1;1;1;1;1;1;1;1;1;1;1;1;1;1;1;1;1;1;1;1;1;1;1;1;1;1;1;1;1;1;0;
834017;2;01/10/2001;1;26,4;82,5;12;11;1;1;1;;0;0,0;0,0;0,0;0,0;0,0;0,0;0,0;0,0;0,0;0,0;0,0;26,4;22,0;3,5;0,4;0,1;1,6;0,0;0,0;0,2;0,0;0,0;0,0;0,0;3,8;4,0;0,0;15,1;5,4;0,0;0,0;1;1;1;1;1;1;1;1;1;1;1;1;1;1;1;1;1;1;1;1;1;1;1;1;1;1;1;1;1;1;1;
834017;2;01/09/2001;1;50,1;76,7;3;14;1;1;1;;0;0,1;2,1;50,1;1,5;0,2;3,0;0,0;1,8;0,0;0,0;0,0;0,0;0,2;5,0;1,3;0,0;0,0;0,0;4,1;1,4;0,4;0,0;0,0;0,0;5,5;0,0;0,0;0,0;0,0;0,0;;1;1;1;1;1;1;1;1;1;1;1;1;1;1;1;1;1;1;1;1;1;1;1;1;1;1;1;1;1;1;0;
834017;2;01/08/2001;1;42,8;154,8;15;27;1;1;1;;0;1,8;1,0;17,1;0,5;0,0;4,0;9,0;4,2;2,1;2,5;0,2;0,0;8,0;0,3;42,8;23,0;2,5;0,0;1,1;1,6;2,3;9,9;1,6;1,0;1,1;3,6;0,1;0,3;0,8;12,4;0,0;1;1;1;1;1;1;1;1;1;1;1;1;1;1;1;1;1;1;1;1;1;1;1;1;1;1;1;1;1;1;1;
834017;2;01/07/2001;1;49,1;296,4;1;31;1;1;1;;0;49,1;6,0;0,1;12,6;1,4;16,5;1,8;7,4;5,1;2,6;4,2;5,2;23,5;3,0;5,6;6,5;30,1;2,0;10,5;37,0;19,3;2,0;3,3;1,9;2,0;1,9;0,4;25,8;5,4;3,9;0,3;1;1;1;1;1;1;1;1;1;1;1;1;1;1;1;1;1;1;1;1;1;1;1;1;1;1;1;1;1;1;1;
834017;2;01/06/2001;1;37,1;343,4;10;27;1;1;1;;0;22,9;27,8;3,1;2,4;9,7;10,4;35,8;1,2;3,1;37,1;0,2;19,6;33,8;19,7;19,8;8,1;0,0;0,0;5,4;3,0;6,8;20,1;3,3;7,9;2,2;8,0;27,8;0,9;0,0;3,3;;1;1;1;1;1;1;1;1;1;1;1;1;1;1;1;1;1;1;1;1;1;1;1;1;1;1;1;1;1;1;0;
834017;2;01/05/2001;1;15,9;41,8;5;9;1;1;1;;0;1,2;0,9;0,0;14,4;15,9;2,4;0,0;0,0;0,0;0,0;0,0;0,0;0,0;0,0;0,0;0,0;0,0;0,0;0,0;0,0;0,0;0,0;0,0;0,1;4,6;0,0;0,0;0,0;0,0;1,6;0,7;1;1;1;1;1;1;1;1;1;1;1;1;1;1;1;1;1;1;1;1;1;1;1;1;1;1;1;1;1;1;1;
834017;2;01/04/2001;1;60,6;194,4;29;24;1;1;1;;0;2,2;1,1;14,1;0,4;0,0;4,5;0,2;0,0;0,0;0,2;0,0;4,1;0,3;2,0;10,9;13,0;24,3;13,4;1,7;0,0;0,0;7,7;1,0;14,3;0,4;9,9;5,5;0,9;60,6;1,7;;1;1;1;1;1;1;1;1;1;1;1;1;1;1;1;1;1;1;1;1;1;1;1;1;1;1;1;1;1;1;0;
834017;2;01/03/2001;1;22,1;74,6;31;15;1;1;1;;0;0,3;0,0;3,6;1,3;0,8;0,0;0,0;0,0;1,0;1,0;0,0;0,4;0,0;6,0;4,9;0,0;0,0;0,0;0,0;0,0;0,0;0,0;0,0;0,0;0,6;0,2;1,5;0,0;21,2;9,7;22,1;1;1;1;1;1;1;1;1;1;1;1;1;1;1;1;1;1;1;1;1;1;1;1;1;1;1;1;1;1;1;1;
834017;2;01/02/2001;1;5,3;25,6;4;9;1;1;1;;0;0,0;0,0;0,0;5,3;0,4;3,0;0,0;1,8;0,0;0,0;0,0;1,9;0,0;0,0;2,9;0,0;0,0;0,0;0,0;0,0;0,0;0,0;0,0;0,0;5,2;0,0;3,2;1,9;;;;1;1;1;1;1;1;1;1;1;1;1;1;1;1;1;1;1;1;1;1;1;1;1;1;1;1;1;1;0;0;0;
834017;2;01/01/2001;1;4,9;22,1;12;12;1;1;1;;0;0,0;0,0;0,1;3,5;2,3;2,2;0,5;0,0;0,0;2,0;2,9;4,9;1,9;0,2;1,5;0,1;0,0;0,0;0,0;0,0;0,0;0,0;0,0;0,0;0,0;0,0;0,0;0,0;0,0;0,0;0,0;1;1;1;1;1;1;1;1;1;1;1;1;1;1;1;1;1;1;1;1;1;1;1;1;1;1;1;1;1;1;1;
834017;2;01/12/2000;1;94,3;179,4;17;10;1;1;1;;0;0,0;0,0;0,0;0,0;0,0;0,2;0,0;0,0;0,0;0,0;0,0;0,5;36,4;11,6;23,6;12,3;94,3;0,3;0,1;0,0;0,0;0,0;0,0;0,0;0,0;0,0;0,1;0,0;0,0;0,0;0,0;1;1;1;1;1;1;1;1;1;1;1;1;1;1;1;1;1;1;1;1;1;1;1;1;1;1;1;1;1;1;1;
834017;2;01/11/2000;1;19,1;32,1;26;7;1;1;1;;0;0,0;0,0;0,0;0,0;0,0;0,0;0,0;0,0;0,0;0,8;0,0;0,0;0,0;0,0;0,0;0,0;0,0;7,8;1,0;0,0;0,0;0,0;0,0;0,0;0,0;19,1;1,4;0,8;1,2;0,0;;1;1;1;1;1;1;1;1;1;1;1;1;1;1;1;1;1;1;1;1;1;1;1;1;1;1;1;1;1;1;0;
834017;2;01/10/2000;1;16,2;32,1;12;11;1;1;1;;0;0,0;0,0;0,0;0,0;0,0;0,0;2,1;1,5;0,0;0,2;0,9;16,2;5,6;1,0;0,0;0,0;0,0;2,1;0,6;0,0;0,0;0,0;0,0;0,0;0,0;1,7;0,2;0,0;0,0;0,0;0,0;1;1;1;1;1;1;1;1;1;1;1;1;1;1;1;1;1;1;1;1;1;1;1;1;1;1;1;1;1;1;1;
834017;2;01/09/2000;1;67,2;267,6;17;28;1;1;1;;0;8,1;3,1;0,0;0,3;5,4;2,0;3,8;5,8;1,8;42,4;6,4;7,6;7,0;14,5;7,2;16,4;67,2;24,2;21,1;10,5;7,0;0,3;0,6;1,0;1,2;0,6;0,5;0,9;0,0;0,7;;1;1;1;1;1;1;1;1;1;1;1;1;1;1;1;1;1;1;1;1;1;1;1;1;1;1;1;1;1;1;0;
834017;2;01/08/2000;1;237,4;456,0;1;22;1;1;1;;0;237,4;54,3;18,9;0,0;5,0;7,3;3,7;19,0;32,4;1,8;4,3;0,0;0,0;1,6;3,6;0,0;1,3;26,1;11,2;0,8;0,9;0,0;0,0;6,2;13,6;4,7;0,0;0,5;1,4;0,0;0,0;1;1;1;1;1;1;1;1;1;1;1;1;1;1;1;1;1;1;1;1;1;1;1;1;1;1;1;1;1;1;1;
834017;2;01/07/2000;1;71,1;499,0;31;29;1;1;1;;0;40,2;8,6;38,4;39,5;14,5;8,2;12,0;6,0;1,8;3,9;25,8;50,0;3,0;4,6;38,3;3,3;0,0;0,0;0,4;46,3;3,4;0,2;3,7;1,5;8,0;2,6;21,7;7,3;1,4;33,3;71,1;1;1;1;1;1;1;1;1;1;1;1;1;1;1;1;1;1;1;1;1;1;1;1;1;1;1;1;1;1;1;1;
834017;2;01/06/2000;1;98,3;541,1;26;26;1;1;1;;0;43,3;0,1;0,2;1,9;0,0;14,6;49,5;69,8;80,7;7,7;9,1;1,2;13,1;17,1;7,1;68,0;10,7;0,0;3,4;14,8;6,0;9,8;3,3;0,1;1,1;98,3;0,0;3,4;0,0;6,8;;1;1;1;1;1;1;1;1;1;1;1;1;1;1;1;1;1;1;1;1;1;1;1;1;1;1;1;1;1;1;0;
834017;2;01/05/2000;1;77,5;326,9;17;24;1;1;1;;0;0,0;6,7;32,9;17,7;0,9;53,9;48,7;12,4;0,1;7,7;0,6;0,6;1,8;30,2;3,9;5,8;77,5;3,5;0,0;0,0;0,8;0,3;7,2;5,6;0,4;0,3;0,0;0,0;0,0;0,0;7,4;1;1;1;1;1;1;1;1;1;1;1;1;1;1;1;1;1;1;1;1;1;1;1;1;1;1;1;1;1;1;1;
834017;2;01/04/2000;1;;;;;0;0;0;;0;;;;;;;;;;;;;;;;;;;;16,7;;;;0,0;4,2;14,5;3,0;4,6;16,5;0,0;;0;0;0;0;0;0;0;0;0;0;0;0;0;0;0;0;0;0;0;1;0;0;0;1;1;1;1;1;1;1;0;
