Sistema de Informações Hidrológicas
Versão Web 3.0
© 2018 Agência Nacional de Águas (ANA)

NivelConsistencia: 1 = Bruto, 2 = Consistido
TipoMedicaoChuvas: 1 = Pluviômetro, 2 = Pluviógrafo, 3 = Data logger
Status: 0 = Branco, 1 = Real, 2 = Estimado, 3 = Duvidoso, 4 = Acumulado

Restrições da consulta:
Código da Estação:00834006


EstacaoCodigo;NivelConsistencia;Data;TipoMedicaoChuvas;Maxima;Total;DiaMaxima;NumDiasDeChuva;MaximaStatus;TotalStatus;NumDiasDeChuvaStatus;TotalAnual;TotalAnualStatus;Chuva01;Chuva02;Chuva03;Chuva04;Chuva05;Chuva06;Chuva07;Chuva08;Chuva09;Chuva10;Chuva11;Chuva12;Chuva13;Chuva14;Chuva15;Chuva16;Chuva17;Chuva18;Chuva19;Chuva20;Chuva21;Chuva22;Chuva23;Chuva24;Chuva25;Chuva26;Chuva27;Chuva28;Chuva29;Chuva30;Chuva31;Chuva01Status;Chuva02Status;Chuva03Status;Chuva04Status;Chuva05Status;Chuva06Status;Chuva07Status;Chuva08Status;Chuva09Status;Chuva10Status;Chuva11Status;Chuva12Status;Chuva13Status;Chuva14Status;Chuva15Status;Chuva16Status;Chuva17Status;Chuva18Status;Chuva19Status;Chuva20Status;Chuva21Status;Chuva22Status;Chuva23Status;Chuva24Status;Chuva25Status;Chuva26Status;Chuva27Status;Chuva28Status;Chuva29Status;Chuva30Status;Chuva31Status
834006;1;01/12/1985;1;11,5;53,1;11;16;1;1;1;;0;0,0;0,0;0,0;0,0;0,0;0,0;0,0;0,4;0,0;2,9;11,5;0,0;1,8;3,5;1,8;0,0;5,9;0,0;0,4;5,2;0,2;5,3;1,0;2,6;0,0;0,0;0,0;2,8;0,8;0,0;7,0;0;0;0;0;0;0;0;0;0;0;0;0;0;0;0;0;0;0;0;0;0;0;0;0;0;0;0;0;0;0;0;
834006;1;01/11/1985;1;10,8;31,3;14;13;1;1;1;;0;4,2;0,0;1,4;0,0;0,0;0,0;0,4;0,0;0,0;0,0;0,0;3,8;3,6;10,8;2,5;0,1;0,0;0,0;0,0;0,8;1,6;0,7;0,0;0,0;0,4;0,0;0,0;1,0;0,0;0,0;;0;0;0;0;0;0;0;0;0;0;0;0;0;0;0;0;0;0;0;0;0;0;0;0;0;0;0;0;0;0;0;
834006;1;01/10/1985;1;7,8;17,4;21;9;1;1;1;;0;0,0;0,0;1,7;0,5;0,0;0,0;0,0;0,0;0,0;0,0;0,0;0,2;0,0;0,0;0,0;0,0;0,0;0,0;0,7;3,6;7,8;0,0;0,0;0,0;0,0;0,0;0,4;0,8;0,0;0,0;1,7;0;0;0;0;0;0;0;0;0;0;0;0;0;0;0;0;0;0;0;0;0;0;0;0;0;0;0;0;0;0;0;
834006;1;01/09/1985;1;12,1;89,0;11;21;1;1;1;;0;0,0;3,8;6,3;0,8;3,5;3,4;0,5;3,2;3,6;6,6;12,1;9,3;3,5;4,8;0,4;0,8;0,0;5,6;11,6;8,2;0,4;0,0;0,0;0,3;0,0;0,3;0,0;0,0;0,0;0,0;;0;0;0;0;0;0;0;0;0;0;0;0;0;0;0;0;0;0;0;0;0;0;0;0;0;0;0;0;0;0;0;
834006;1;01/08/1985;1;19,8;136,4;7;23;1;1;1;;0;2,6;1,8;4,8;0,5;7,9;4,6;19,8;19,1;12,8;2,3;0,2;0,0;1,8;0,0;0,6;9,4;0,0;9,0;1,7;10,8;0,0;10,0;0,2;0,0;0,0;4,2;0,0;2,3;2,4;7,6;0,0;0;0;0;0;0;0;0;0;0;0;0;0;0;0;0;0;0;0;0;0;0;0;0;0;0;0;0;0;0;0;0;
834006;1;01/07/1985;1;70,2;572,8;23;28;1;1;1;;0;5,1;17,3;2,0;34,1;0,0;45,3;23,1;22,2;1,3;11,6;64,0;48,5;39,7;27,9;20,2;9,0;0,0;9,0;9,6;1,6;5,1;12,6;70,2;2,5;0,5;3,9;1,2;3,3;21,6;0,0;60,4;0;0;0;0;0;0;0;0;0;0;0;0;0;0;0;0;0;0;0;0;0;0;0;0;0;0;0;0;0;0;0;
834006;1;01/06/1985;1;89,4;344,7;22;21;1;1;1;;0;3,5;5,2;74,1;30,1;0,0;0,0;0,5;0,0;0,0;0,0;0,6;0,8;4,0;0,0;0,0;40,1;55,1;4,4;2,8;0,7;1,3;89,4;0,0;3,4;0,0;4,0;8,8;5,3;2,2;8,4;;0;0;0;0;0;0;0;0;0;0;0;0;0;0;0;0;0;0;0;0;0;0;0;0;0;0;0;0;0;0;0;
834006;1;01/05/1985;1;86,8;433,3;23;28;1;1;1;;0;8,2;8,0;2,3;0,0;13,7;0,2;14,7;73,4;20,7;0,2;7,5;0,3;3,4;41,0;0,8;7,7;3,0;36,7;1,5;12,5;0,4;68,7;86,8;0,2;0,8;0,0;0,8;0,5;0,0;17,5;1,8;0;0;0;0;0;0;0;0;0;0;0;0;0;0;0;0;0;0;0;0;0;0;0;0;0;0;0;0;0;0;0;
834006;1;01/04/1985;1;86,5;348,4;26;24;1;1;1;;0;8,6;26,0;8,9;0,4;1,1;8,2;0,0;35,2;12,4;4,8;2,9;4,4;4,6;49,6;7,8;14,3;6,0;0,6;0,0;0,0;0,0;0,0;0,0;19,8;17,6;86,5;22,4;2,6;1,1;2,6;;0;0;0;0;0;0;0;0;0;0;0;0;0;0;0;0;0;0;0;0;0;0;0;0;0;0;0;0;0;0;0;
834006;1;01/03/1985;1;78,2;266,4;24;25;1;1;1;;0;2,9;1,4;19,0;10,6;11,6;31,6;6,5;0,1;1,4;0,0;0,0;0,0;1,7;7,2;1,8;9,6;0,8;1,0;0,1;0,2;0,0;1,3;72,4;78,2;1,6;1,8;0,0;0,0;0,8;1,6;1,2;0;0;0;0;0;0;0;0;0;0;0;0;0;0;0;0;0;0;0;0;0;0;0;0;0;0;0;0;0;0;0;
834006;1;01/02/1985;1;30,0;102,5;18;17;1;1;1;;0;0,0;0,0;0,0;0,0;1,8;0,0;0,0;0,0;0,0;5,9;3,2;2,7;9,8;0,2;5,3;8,5;11,7;30,0;0,0;2,2;6,9;7,3;0,0;0,3;0,0;0,3;6,0;0,4;;;;0;0;0;0;0;0;0;0;0;0;0;0;0;0;0;0;0;0;0;0;0;0;0;0;0;0;0;0;0;0;0;
834006;1;01/01/1985;1;16,0;67,1;26;11;1;1;1;;0;0,0;0,0;0,0;0,0;0,0;6,8;5,0;4,8;0,2;5,9;8,5;5,2;0,0;0,0;0,0;0,0;0,0;0,0;0,0;0,0;13,0;0,0;1,5;0,0;0,0;16,0;0,0;0,0;0,2;0,0;0,0;0;0;0;0;0;0;0;0;0;0;0;0;0;0;0;0;0;0;0;0;0;0;0;0;0;0;0;0;0;0;0;
834006;1;01/11/1984;1;6,6;27,8;1;14;1;1;1;;0;6,6;4,1;0,8;0,5;0,0;4,0;0,0;0,3;0,0;0,4;0,0;0,6;0,0;0,0;5,2;0,5;2,6;0,0;0,0;0,0;0,0;0,0;0,0;0,2;1,4;0,6;0,0;0,0;0,0;0,0;;0;0;0;0;0;0;0;0;0;0;0;0;0;0;0;0;0;0;0;0;0;0;0;0;0;0;0;0;0;0;0;
834006;1;01/09/1984;1;16,5;79,3;2;13;1;1;1;;0;13,2;16,5;12,0;5,9;1,6;2,0;9,3;0,0;0,3;8,9;0,0;0,0;1,1;0,0;0,0;0,0;0,0;0,0;0,0;0,0;0,0;0,0;0,0;1,4;6,4;0,0;0,7;0,0;0,0;0,0;;0;0;0;0;0;0;0;0;0;0;0;0;0;0;0;0;0;0;0;0;0;0;0;0;0;0;0;0;0;0;0;
834006;1;01/06/1984;1;45,4;265,4;29;25;1;1;1;;0;7,1;5,8;10,8;2,4;7,6;1,8;0,8;6,1;0,0;0,0;18,2;12,4;0,0;3,9;16,2;39,8;0,0;24,4;2,8;0,2;0,2;11,5;1,0;0,7;15,0;13,5;1,8;16,0;45,4;0,0;;0;0;0;0;0;0;0;0;0;0;0;0;0;0;0;0;0;0;0;0;0;0;0;0;0;0;0;0;0;0;0;
834006;1;01/05/1984;1;73,8;539,5;22;25;1;1;1;;0;11,1;3,1;8,6;16,8;15,8;3,2;0,0;16,7;6,5;0,0;0,0;0,0;70,3;21,2;4,4;0,7;61,6;0,2;26,3;66,9;11,4;73,8;35,0;49,9;8,3;16,6;0,2;0,0;0,0;5,3;5,6;0;0;0;0;0;0;0;0;0;0;0;0;0;0;0;0;0;0;0;0;0;0;0;0;0;0;0;0;0;0;0;
834006;1;01/04/1984;1;97,6;611,9;17;25;1;1;1;;0;0,0;0,0;0,0;0,2;4,7;0,0;3,1;66,7;8,8;24,4;0,5;2,3;30,3;82,2;63,0;66,6;97,6;25,8;0,0;7,0;3,0;1,2;4,4;39,1;24,0;32,0;2,7;4,3;12,4;5,6;;0;0;0;0;0;0;0;0;0;0;0;0;0;0;0;0;0;0;0;0;0;0;0;0;0;0;0;0;0;0;0;
834006;1;01/12/1983;1;9,2;24,5;18;8;1;1;1;;0;0,0;0,0;0,0;0,0;0,0;0,0;0,0;4,0;0,7;0,0;0,0;0,4;1,5;0,0;0,0;0,0;0,0;9,2;1,2;0,0;0,0;0,0;0,0;0,0;0,0;0,0;0,0;0,0;6,2;1,3;0,0;0;0;0;0;0;0;0;0;0;0;0;0;0;0;0;0;0;0;0;0;0;0;0;0;0;0;0;0;0;0;0;
834006;1;01/11/1983;1;9,9;13,1;3;7;1;1;1;;0;0,4;0,2;9,9;0,0;0,0;0,0;0,0;0,0;0,0;0,0;0,0;0,1;0,0;0,0;0,5;0,0;0,0;0,2;0,0;0,0;0,0;0,0;0,0;0,0;0,0;1,8;0,0;0,0;0,0;0,0;;0;0;0;0;0;0;0;0;0;0;0;0;0;0;0;0;0;0;0;0;0;0;0;0;0;0;0;0;0;0;0;
834006;1;01/10/1983;1;25,6;112,5;28;17;1;1;1;;0;5,8;5,1;1,2;0,2;0,0;0,9;1,5;4,5;0,0;0,6;0,0;0,0;0,0;0,0;9,7;0,0;0,0;0,0;0,0;0,0;0,0;0,1;5,2;0,0;0,0;1,6;22,9;25,6;17,4;8,6;1,6;0;0;0;0;0;0;0;0;0;0;0;0;0;0;0;0;0;0;0;0;0;0;0;0;0;0;0;0;0;0;0;
834006;1;01/09/1983;1;10,0;42,7;28;14;1;1;1;;0;0,7;0,0;0,0;0,0;0,0;1,2;0,8;0,0;0,0;0,0;0,5;0,5;1,5;0,0;1,3;9,7;0,0;0,0;2,4;0,0;0,5;0,0;0,0;0,2;0,0;0,0;0,0;10,0;3,7;9,7;;0;0;0;0;0;0;0;0;0;0;0;0;0;0;0;0;0;0;0;0;0;0;0;0;0;0;0;0;0;0;0;
834006;1;01/08/1983;1;29,5;160,9;1;23;1;1;1;;0;29,5;29,5;0,2;0,0;0,7;7,0;2,0;21,1;18,5;0,0;1,5;0,0;0,3;5,1;1,2;0,0;4,4;0,0;3,0;2,1;0,0;0,0;1,5;2,3;0,6;0,2;14,7;3,0;12,3;0,2;0,0;0;0;0;0;0;0;0;0;0;0;0;0;0;0;0;0;0;0;0;0;0;0;0;0;0;0;0;0;0;0;0;
834006;1;01/07/1983;1;56,5;226,7;9;21;1;1;1;;0;0,0;0,0;0,0;0,0;8,0;12,6;2,8;1,0;56,5;7,2;2,4;31,6;7,6;21,7;12,0;2,8;0,0;0,0;3,6;5,0;0,0;0,6;6,4;0,0;2,1;0,0;0,0;1,6;0,7;6,1;34,4;0;0;0;0;0;0;0;0;0;0;0;0;0;0;0;0;0;0;0;0;0;0;0;0;0;0;0;0;0;0;0;
834006;1;01/06/1983;1;22,4;141,3;13;21;1;1;1;;0;0,2;20,3;9,6;0,0;0,0;5,7;4,9;0,0;1,0;0,0;0,6;6,3;22,4;12,9;5,1;7,2;5,0;3,5;2,3;0,0;3,4;3,3;17,4;7,6;2,1;0,5;0,0;0,0;0,0;0,0;;0;0;0;0;0;0;0;0;0;0;0;0;0;0;0;0;0;0;0;0;0;0;0;0;0;0;0;0;0;0;0;
834006;1;01/05/1983;1;24,0;183,3;26;23;1;1;1;;0;5,6;5,2;0,0;0,0;0,0;15,1;0,8;0,0;2,8;21,8;3,7;1,4;2,8;3,7;9,5;2,8;0,0;0,0;1,6;0,0;0,6;0,0;8,3;6,5;6,6;24,0;20,1;0,4;17,0;12,8;10,2;0;0;0;0;0;0;0;0;0;0;0;0;0;0;0;0;0;0;0;0;0;0;0;0;0;0;0;0;0;0;0;
834006;1;01/04/1983;1;32,0;112,2;21;17;1;1;1;;0;0,0;0,4;0,2;0,0;0,0;7,1;8,0;8,2;0,0;4,8;1,5;0,0;0,0;0,0;0,0;15,7;0,0;14,8;0,0;0,0;32,0;0,0;0,2;0,0;0,2;8,4;4,6;0,5;3,5;2,1;;0;0;0;0;0;0;0;0;0;0;0;0;0;0;0;0;0;0;0;0;0;0;0;0;0;0;0;0;0;0;0;
834006;1;01/03/1983;1;119,6;412,1;8;21;1;1;1;;0;0,0;0,0;0,0;0,4;0,0;32,7;2,8;119,6;19,2;19,3;1,2;8,1;0,0;0,0;0,0;0,0;7,5;17,2;66,9;3,7;9,7;1,0;43,1;6,4;6,5;1,3;0,0;31,2;13,9;0,4;0,0;0;0;0;0;0;0;0;0;0;0;0;0;0;0;0;0;0;0;0;0;0;0;0;0;0;0;0;0;0;0;0;
834006;1;01/02/1983;1;123,1;337,8;16;15;1;1;1;;0;17,2;0,0;0,0;41,5;11,2;26,6;1,4;62,0;0,0;0,0;0,0;2,9;4,5;0,0;0,0;123,1;9,5;3,0;10,0;16,8;6,3;0,0;0,0;1,8;0,0;0,0;0,0;0,0;;;;0;0;0;0;0;0;0;0;0;0;0;0;0;0;0;0;0;0;0;0;0;0;0;0;0;0;0;0;0;0;0;
834006;1;01/01/1983;1;47,4;116,9;29;15;1;1;1;;0;4,2;0,0;0,0;0,0;0,0;0,0;0,0;0,0;0,0;0,0;0,0;0,0;0,0;7,3;0,7;0,5;2,4;0,8;0,4;0,0;0,0;0,0;2,2;8,7;0,0;5,7;0,2;18,3;47,4;14,3;3,8;0;0;0;0;0;0;0;0;0;0;0;0;0;0;0;0;0;0;0;0;0;0;0;0;0;0;0;0;0;0;0;
834006;1;01/12/1982;1;12,6;41,3;18;12;1;1;1;;0;3,6;0,1;2,7;0,0;0,0;4,9;0,0;0,0;2,0;0,0;0,0;1,6;3,0;1,8;0,0;0,0;0,0;12,6;0,0;0,0;0,0;0,0;0,0;0,0;0,0;0,0;3,9;0,0;0,8;0,0;4,3;0;0;0;0;0;0;0;0;0;0;0;0;0;0;0;0;0;0;0;0;0;0;0;0;0;0;0;0;0;0;0;
834006;1;01/11/1982;1;2,8;15,6;3;12;1;1;1;;0;1,1;2,3;2,8;0,0;2,4;0,0;0,0;0,5;0,0;0,0;0,4;0,0;0,0;2,0;0,0;0,0;0,5;0,0;0,0;0,3;0,0;0,0;0,0;0,0;0,0;0,0;0,4;0,0;1,7;1,2;;0;0;0;0;0;0;0;0;0;0;0;0;0;0;0;0;0;0;0;0;0;0;0;0;0;0;0;0;0;0;0;
834006;1;01/10/1982;1;8,5;23,0;16;11;1;1;1;;0;0,0;0,0;0,0;0,0;0,0;0,0;0,0;0,0;0,2;1,1;0,0;0,0;0,0;0,0;4,2;8,5;0,4;2,3;0,0;0,4;0,4;2,2;0,0;0,0;0,3;0,0;0,0;0,0;3,0;0,0;0,0;0;0;0;0;0;0;0;0;0;0;0;0;0;0;0;0;0;0;0;0;0;0;0;0;0;0;0;0;0;0;0;
834006;1;01/09/1982;1;76,7;233,7;17;19;1;1;1;;0;5,1;0,5;0,2;0,8;4,1;0,6;3,5;54,6;11,5;3,6;6,6;37,9;1,0;0,2;9,3;12,2;76,7;0,9;0,0;0,0;0,0;4,4;0,0;0,0;0,0;0,0;0,0;0,0;0,0;0,0;;0;0;0;0;0;0;0;0;0;0;0;0;0;0;0;0;0;0;0;0;0;0;0;0;0;0;0;0;0;0;0;
834006;1;01/08/1982;1;29,3;174,7;11;27;1;1;1;;0;2,7;0,1;0,5;0,0;10,9;9,2;15,1;3,6;3,7;15,8;29,3;0,7;2,7;4,6;11,8;15,4;1,9;17,2;0,4;0,0;0,0;1,0;1,3;2,7;13,6;1,9;2,8;0,7;3,8;1,3;0,0;0;0;0;0;0;0;0;0;0;0;0;0;0;0;0;0;0;0;0;0;0;0;0;0;0;0;0;0;0;0;0;
834006;1;01/07/1982;1;74,6;299,2;31;26;1;1;1;;0;8,0;1,8;17,5;1,6;2,8;7,7;2,6;1,2;0,0;4,4;5,7;1,8;0,0;0,0;0,2;2,4;42,3;0,8;37,4;15,9;0,4;0,0;0,3;0,0;11,1;24,7;0,9;25,6;3,4;4,1;74,6;0;0;0;0;0;0;0;0;0;0;0;0;0;0;0;0;0;0;0;0;0;0;0;0;0;0;0;0;0;0;0;
834006;1;01/06/1982;1;109,3;519,2;21;30;1;1;1;;0;2,4;7,7;11,0;8,5;78,2;15,3;9,3;1,7;0,5;2,1;6,2;1,1;1,8;12,9;8,0;49,3;2,0;5,6;7,8;14,3;109,3;2,7;88,8;34,0;7,6;0,7;13,7;2,9;6,5;7,3;;0;0;0;0;0;0;0;0;0;0;0;0;0;0;0;0;0;0;0;0;0;0;0;0;0;0;0;0;0;0;0;
834006;1;01/05/1982;1;49,6;364,7;15;28;1;1;1;;0;7,0;0,0;28,1;0,0;1,0;6,9;9,3;20,0;33,5;35,2;8,7;26,4;20,9;0,7;49,6;1,4;4,4;3,1;18,4;2,3;24,4;15,4;0,4;11,7;0,0;1,1;0,3;6,9;0,3;0,9;26,4;0;0;0;0;0;0;0;0;0;0;0;0;0;0;0;0;0;0;0;0;0;0;0;0;0;0;0;0;0;0;0;
834006;1;01/04/1982;1;70,7;203,7;4;22;1;1;1;;0;7,6;4,3;0,0;70,7;0,0;0,0;0,0;0,0;12,0;7,6;31,5;0,4;0,0;6,8;0,7;2,8;16,0;0,8;8,1;3,9;0,3;4,6;5,9;0,0;0,0;3,6;1,3;0,3;9,2;5,3;;0;0;0;0;0;0;0;0;0;0;0;0;0;0;0;0;0;0;0;0;0;0;0;0;0;0;0;0;0;0;0;
834006;1;01/03/1982;1;25,0;89,4;31;13;1;1;1;;0;0,0;0,0;0,0;0,0;0,0;0,0;8,0;6,2;11,0;0,0;7,0;3,1;0,0;0,0;8,8;3,3;0,8;0,0;0,0;0,0;11,3;2,1;0,0;0,0;0,0;0,0;0,0;0,0;1,5;1,3;25,0;0;0;0;0;0;0;0;0;0;0;0;0;0;0;0;0;0;0;0;0;0;0;0;0;0;0;0;0;0;0;0;
834006;1;01/02/1982;1;41,0;155,2;18;18;1;1;1;;0;0,0;0,6;3,4;0,0;0,4;0,0;0,1;10,8;0,0;0,0;0,0;0,2;0,0;0,4;28,3;4,1;19,0;41,0;25,0;0,0;3,5;0,9;0,0;4,4;0,0;6,6;5,0;1,5;;;;0;0;0;0;0;0;0;0;0;0;0;0;0;0;0;0;0;0;0;0;0;0;0;0;0;0;0;0;0;0;0;
834006;1;01/01/1982;1;104,7;211,0;26;16;1;1;1;;0;1,2;0,3;0,0;0,0;0,0;0,4;0,5;0,0;0,3;3,3;19,9;0,0;0,0;0,0;0,2;0,0;0,0;0,0;0,0;0,0;28,7;5,8;3,5;0,0;0,0;104,7;29,8;0,0;0,4;11,5;0,5;0;0;0;0;0;0;0;0;0;0;0;0;0;0;0;0;0;0;0;0;0;0;0;0;0;0;0;0;0;0;0;
834006;1;01/12/1981;1;71,0;181,9;23;22;1;1;1;;0;0,0;0,0;0,6;0,3;0,2;0,0;2,7;8,6;6,2;1,2;2,7;0,0;0,0;3,4;1,0;0,3;0,0;1,3;9,7;27,5;5,7;34,3;71,0;0,1;0,5;4,3;0,2;0,0;0,0;0,1;0,0;0;0;0;0;0;0;0;0;0;0;0;0;0;0;0;0;0;0;0;0;0;0;0;0;0;0;0;0;0;0;0;
834006;1;01/11/1981;1;16,0;45,6;9;17;1;1;1;;0;0,1;0,0;0,1;0,0;1,2;0,2;0,3;0,2;16,0;0,1;1,1;1,0;0,2;7,4;1,2;0,0;0,0;0,0;15,4;0,0;0,0;0,0;0,0;0,0;0,2;0,0;0,0;0,0;0,7;0,2;;0;0;0;0;0;0;0;0;0;0;0;0;0;0;0;0;0;0;0;0;0;0;0;0;0;0;0;0;0;0;0;
834006;1;01/10/1981;1;12,1;27,5;23;13;1;1;1;;0;0,0;0,0;0,1;1,4;0,2;0,0;9,2;0,1;0,0;0,0;0,0;0,0;1,4;0,0;0,1;0,4;0,0;0,0;0,0;0,0;0,0;0,0;12,1;0,1;1,4;0,7;0,0;0,0;0,0;0,3;0,0;0;0;0;0;0;0;0;0;0;0;0;0;0;0;0;0;0;0;0;0;0;0;0;0;0;0;0;0;0;0;0;
834006;1;01/09/1981;1;29,9;111,3;11;20;1;1;1;;0;7,0;2,3;1,8;0,4;0,0;1,5;0,0;0,0;1,5;21,2;29,9;16,0;0,0;1,5;2,3;0,2;0,0;0,0;0,0;4,7;2,1;2,0;0,4;0,1;7,2;0,9;8,3;0,0;0,0;0,0;;0;0;0;0;0;0;0;0;0;0;0;0;0;0;0;0;0;0;0;0;0;0;0;0;0;0;0;0;0;0;0;
834006;1;01/08/1981;1;24,6;98,2;30;21;1;1;1;;0;0,0;0,8;0,1;0,0;2,3;15,0;1,0;4,4;0,0;7,2;3,2;0,6;3,3;0,0;0,0;0,0;0,0;0,0;0,0;0,0;0,1;3,5;2,8;3,1;0,6;12,8;2,1;0,4;2,9;24,6;7,4;0;0;0;0;0;0;0;0;0;0;0;0;0;0;0;0;0;0;0;0;0;0;0;0;0;0;0;0;0;0;0;
834006;1;01/07/1981;1;40,9;133,0;8;27;1;1;1;;0;1,6;0,6;0,5;2,7;1,1;2,9;4,0;40,9;17,7;16,6;0,2;0,3;0,4;3,8;5,6;0,0;0,0;2,8;2,0;0,7;1,1;0,1;1,1;0,0;12,0;0,6;0,0;3,6;7,5;1,9;0,7;0;0;0;0;0;0;0;0;0;0;0;0;0;0;0;0;0;0;0;0;0;0;0;0;0;0;0;0;0;0;0;
834006;1;01/06/1981;1;64,9;230,9;12;25;1;1;1;;0;0,4;2,3;1,5;35,8;5,3;0,0;6,9;0,3;0,2;23,1;7,6;64,9;32,4;4,7;0,2;0,6;0,9;0,5;0,0;0,0;0,6;0,0;10,2;8,8;0,0;7,0;0,5;5,0;1,2;10,0;;0;0;0;0;0;0;0;0;0;0;0;0;0;0;0;0;0;0;0;0;0;0;0;0;0;0;0;0;0;0;0;
834006;1;01/05/1981;1;31,7;216,9;21;27;1;1;1;;0;0,2;0,0;4,6;0,0;5,0;0,0;1,5;15,4;11,0;7,9;0,2;3,8;0,6;3,0;0,3;2,6;0,4;0,5;6,4;13,6;31,7;18,4;10,1;22,1;20,0;9,9;0,0;7,1;0,2;9,4;11,0;0;0;0;0;0;0;0;0;0;0;0;0;0;0;0;0;0;0;0;0;0;0;0;0;0;0;0;0;0;0;0;
834006;1;01/04/1981;1;24,0;108,6;1;19;1;1;1;;0;24,0;23,5;7,9;0,0;6,9;1,8;0,7;6,6;0,0;0,0;0,0;0,0;0,0;0,0;2,2;0,0;2,6;0,0;0,1;0,0;0,4;0,0;0,1;4,2;1,0;5,9;9,6;1,9;8,3;0,9;;0;0;0;0;0;0;0;0;0;0;0;0;0;0;0;0;0;0;0;0;0;0;0;0;0;0;0;0;0;0;0;
834006;1;01/03/1981;1;43,9;153,9;18;16;1;1;1;;0;0,0;0,0;0,0;0,0;0,0;0,0;0,0;0,0;0,0;0,0;0,0;0,6;13,4;18,7;3,1;4,6;14,8;43,9;0,0;1,2;17,9;4,6;2,9;0,4;14,7;5,1;6,6;0,0;1,4;0,0;0,0;0;0;0;0;0;0;0;0;0;0;0;0;0;0;0;0;0;0;0;0;0;0;0;0;0;0;0;0;0;0;0;
834006;1;01/02/1981;1;29,8;134,7;17;24;1;1;1;;0;0,2;0,5;5,8;1,2;14,1;29,3;0,2;0,2;0,0;0,5;0,9;5,3;1,8;3,6;0,8;0,5;29,8;5,5;1,4;0,0;0,0;1,5;25,2;0,4;0,3;0,0;0,6;5,1;;;;0;0;0;0;0;0;0;0;0;0;0;0;0;0;0;0;0;0;0;0;0;0;0;0;0;0;0;0;0;0;0;
834006;1;01/01/1981;1;60,6;195,6;30;18;1;1;1;;0;0,0;0,0;0,0;0,0;0,0;5,7;3,4;22,5;0,0;0,6;0,1;5,2;4,9;9,4;0,0;0,2;0,0;4,1;0,0;12,9;0,0;0,9;0,8;0,0;9,1;16,5;38,5;0,0;0,0;60,6;0,2;0;0;0;0;0;0;0;0;0;0;0;0;0;0;0;0;0;0;0;0;0;0;0;0;0;0;0;0;0;0;0;
834006;1;01/12/1980;1;18,8;66,9;17;17;1;1;1;;0;0,0;4,0;2,0;0,0;0,0;9,7;1,7;0,0;0,0;1,0;0,1;2,0;0,0;0,0;0,0;0,0;18,8;6,6;0,6;0,4;2,5;0,7;0,1;13,7;0,0;2,6;0,4;0,0;0,0;0,0;0,0;0;0;0;0;0;0;0;0;0;0;0;0;0;0;0;0;0;0;0;0;0;0;0;0;0;0;0;0;0;0;0;
834006;1;01/11/1980;1;48,2;97,1;24;18;1;1;1;;0;0,0;0,2;1,7;0,0;0,0;0,1;0,0;4,9;0,0;8,2;0,0;0,0;0,0;5,7;5,1;0,2;0,0;0,0;0,3;0,0;0,3;8,3;0,2;48,2;0,6;0,0;2,1;7,9;2,5;0,6;;0;0;0;0;0;0;0;0;0;0;0;0;0;0;0;0;0;0;0;0;0;0;0;0;0;0;0;0;0;0;0;
834006;1;01/10/1980;1;34,4;119,0;1;21;1;1;1;;0;34,4;3,4;0,0;14,7;3,7;0,1;18,6;2,1;1,6;0,2;0,0;0,0;0,0;0,0;0,0;0,7;12,3;0,0;1,0;4,3;4,6;0,5;5,9;4,5;0,6;1,8;3,7;0,0;0,0;0,3;0,0;0;0;0;0;0;0;0;0;0;0;0;0;0;0;0;0;0;0;0;0;0;0;0;0;0;0;0;0;0;0;0;
834006;1;01/09/1980;1;24,2;91,3;10;13;1;1;1;;0;0,0;2,5;6,2;0,0;0,0;0,0;0,0;0,0;0,0;24,2;1,3;1,3;2,2;0,8;10,0;8,6;0,0;0,0;7,7;8,4;17,0;0,0;0,0;0,0;0,0;0,0;0,0;0,0;0,0;1,1;;0;0;0;0;0;0;0;0;0;0;0;0;0;0;0;0;0;0;0;0;0;0;0;0;0;0;0;0;0;0;0;
834006;1;01/08/1980;1;24,0;98,7;4;20;1;1;1;;0;0,0;0,0;2,7;24,0;7,8;0,7;5,7;1,7;3,5;7,7;0,0;0,0;0,0;0,0;2,2;0,4;0,0;0,0;0,0;0,0;1,0;0,0;0,2;0,9;0,9;11,4;0,3;3,5;10,0;7,1;7,0;0;0;0;0;0;0;0;0;0;0;0;0;0;0;0;0;0;0;0;0;0;0;0;0;0;0;0;0;0;0;0;
834006;1;01/07/1980;1;30,8;136,2;2;21;1;1;1;;0;4,8;30,8;10,4;0,2;0,0;1,4;0,0;1,2;1,3;0,0;1,9;0,8;1,1;9,5;0,0;0,0;0,0;0,0;1,0;5,0;18,3;14,1;0,5;0,0;0,0;0,1;27,5;1,2;0,0;3,9;1,2;0;0;0;0;0;0;0;0;0;0;0;0;0;0;0;0;0;0;0;0;0;0;0;0;0;0;0;0;0;0;0;
834006;1;01/06/1980;1;159,7;453,3;10;23;1;1;1;;0;1,5;0,0;0,0;3,6;28,7;6,1;1,0;9,9;23,5;159,7;31,0;6,3;46,4;1,0;0,0;0,2;3,1;2,6;0,0;6,4;106,7;9,6;0,0;0,5;0,0;0,7;2,7;0,4;0,0;1,7;;0;0;0;0;0;0;0;0;0;0;0;0;0;0;0;0;0;0;0;0;0;0;0;0;0;0;0;0;0;0;0;
834006;1;01/05/1980;1;40,9;221,7;26;25;1;1;1;;0;0,0;0,0;0,6;2,8;3,0;4,5;2,2;8,2;0,6;1,5;0,0;1,2;6,7;0,0;24,8;20,5;19,7;18,4;0,4;0,0;0,0;3,2;0,6;1,5;9,8;40,9;5,8;14,2;0,5;0,3;29,8;0;0;0;0;0;0;0;0;0;0;0;0;0;0;0;0;0;0;0;0;0;0;0;0;0;0;0;0;0;0;0;
834006;1;01/04/1980;1;40,0;151,6;22;20;1;1;1;;0;0,0;7,4;3,7;2,8;0,0;5,7;12,7;4,2;0,0;0,0;1,4;0,3;0,7;0,0;0,0;0,0;0,2;17,8;12,4;0,4;1,3;40,0;3,7;23,0;0,4;0,0;9,4;4,1;0,0;0,0;;0;0;0;0;0;0;0;0;0;0;0;0;0;0;0;0;0;0;0;0;0;0;0;0;0;0;0;0;0;0;0;
834006;1;01/03/1980;1;123,0;354,0;23;21;1;1;1;;0;0,0;16,8;15,2;6,1;41,9;12,4;1,0;0,4;0,8;1,2;0,0;23,3;66,0;0,0;0,0;0,0;0,0;14,7;0,5;3,4;0,2;0,0;123,0;0,3;0,0;2,9;0,8;14,2;8,9;0,0;0,0;0;0;0;0;0;0;0;0;0;0;0;0;0;0;0;0;0;0;0;0;0;0;0;0;0;0;0;0;0;0;0;
834006;1;01/02/1980;1;85,9;372,9;16;22;1;1;1;;0;0,0;0,5;0,0;0,0;0,0;0,1;8,3;7,4;8,5;7,7;74,1;1,9;0,4;0,4;35,2;85,9;32,5;2,8;0,0;9,1;3,2;4,2;20,3;1,0;29,2;32,6;7,6;0,0;0,0;;;0;0;0;0;0;0;0;0;0;0;0;0;0;0;0;0;0;0;0;0;0;0;0;0;0;0;0;0;0;0;0;
834006;1;01/01/1980;1;10,8;59,8;19;18;1;1;1;;0;0,0;0,0;0,1;2,0;0,4;4,4;0,3;0,0;4,4;3,6;0,0;0,1;5,4;8,5;0,1;6,5;2,2;2,2;10,8;0,0;0,0;0,0;3,6;5,0;0,2;0,0;0,0;0,0;0,0;0,0;0,0;0;0;0;0;0;0;0;0;0;0;0;0;0;0;0;0;0;0;0;0;0;0;0;0;0;0;0;0;0;0;0;
834006;1;01/11/1979;1;25,7;65,2;14;15;1;1;1;;0;6,6;0,0;0,0;0,0;0,0;0,0;0,1;12,6;0,4;1,9;0,0;0,4;1,6;25,7;7,2;5,8;0,5;0,0;1,0;0,6;0,0;0,5;0,0;0,0;0,3;0,0;0,0;0,0;0,0;0,0;;0;0;0;0;0;0;0;0;0;0;0;0;0;0;0;0;0;0;0;0;0;0;0;0;0;0;0;0;0;0;0;
834006;1;01/10/1979;1;10,8;39,6;7;16;1;1;1;;0;0,0;8,1;0,0;0,0;0,0;1,2;10,8;0,4;0,5;0,5;0,0;0,0;0,0;0,0;1,2;0,0;0,0;0,2;3,2;3,0;0,0;3,7;1,0;1,5;0,0;1,7;1,8;0,0;0,0;0,8;0,0;0;0;0;0;0;0;0;0;0;0;0;0;0;0;0;0;0;0;0;0;0;0;0;0;0;0;0;0;0;0;0;
834006;1;01/09/1979;1;42,2;252,9;8;21;1;1;1;;0;3,6;33,9;9,4;26,2;36,9;1,7;12,5;42,2;32,6;1,9;0,1;0,0;2,9;0,2;1,7;22,1;0,0;1,3;0,0;0,0;0,0;0,0;0,0;0,9;0,0;2,5;0,0;4,2;11,6;4,5;;0;0;0;0;0;0;0;0;0;0;0;0;0;0;0;0;0;0;0;0;0;0;0;0;0;0;0;0;0;0;0;
834006;1;01/08/1979;1;21,3;131,7;19;23;1;1;1;;0;1,5;2,8;1,1;0,5;8,2;16,3;0,6;0,0;1,3;0,2;0,0;15,2;3,3;0,8;0,0;0,0;4,1;9,1;21,3;0,2;0,0;2,7;2,1;0,0;0,0;0,0;5,4;20,0;10,6;1,6;2,8;0;0;0;0;0;0;0;0;0;0;0;0;0;0;0;0;0;0;0;0;0;0;0;0;0;0;0;0;0;0;0;
834006;1;01/07/1979;1;42,0;230,1;3;22;1;1;1;;0;17,3;40,2;42,0;3,2;0,0;0,0;0,0;18,3;0,0;1,0;0,0;0,0;0,0;6,6;3,3;3,6;22,5;3,1;1,8;6,2;0,0;0,8;0,0;4,3;1,8;4,1;1,4;3,3;1,0;24,8;19,5;0;0;0;0;0;0;0;0;0;0;0;0;0;0;0;0;0;0;0;0;0;0;0;0;0;0;0;0;0;0;0;
834006;1;01/06/1979;1;97,2;410,7;5;29;1;1;1;;0;9,4;8,3;3,0;35,2;97,2;7,5;6,7;3,1;2,1;9,1;48,9;4,2;12,1;6,8;4,1;3,7;20,1;8,2;54,2;1,0;0,0;8,8;1,0;5,4;2,8;22,3;5,8;0,6;4,5;14,6;;0;0;0;0;0;0;0;0;0;0;0;0;0;0;0;0;0;0;0;0;0;0;0;0;0;0;0;0;0;0;0;
834006;1;01/05/1979;1;39,8;313,8;16;24;1;1;1;;0;37,3;5,0;18,0;17,6;9,0;4,9;3,4;7,3;0,0;5,2;32,1;16,4;0,0;1,7;13,8;39,8;22,9;22,2;1,5;23,5;6,9;3,5;5,5;0,0;0,0;0,0;1,7;5,9;8,7;0,0;0,0;0;0;0;0;0;0;0;0;0;0;0;0;0;0;0;0;0;0;0;0;0;0;0;0;0;0;0;0;0;0;0;
834006;1;01/04/1979;1;35,9;156,5;15;14;1;1;1;;0;1,9;3,3;6,6;28,1;0,1;0,0;0,0;0,0;0,0;0,0;0,0;0,0;4,9;0,9;35,9;7,1;0,0;22,3;15,8;0,0;0,0;0,0;0,0;0,0;0,0;0,0;0,0;20,9;0,2;8,5;;0;0;0;0;0;0;0;0;0;0;0;0;0;0;0;0;0;0;0;0;0;0;0;0;0;0;0;0;0;0;0;
834006;1;01/03/1979;1;61,8;207,9;5;16;1;1;1;;0;4,0;0,0;1,4;0,0;61,8;19,9;0,3;1,1;4,9;10,6;10,8;0,2;12,1;0,0;0,0;0,0;0,0;0,0;4,3;26,7;35,5;0,0;0,2;0,0;0,0;0,0;0,0;0,0;0,0;14,1;0,0;0;0;0;0;0;0;0;0;0;0;0;0;0;0;0;0;0;0;0;0;0;0;0;0;0;0;0;0;0;0;0;
834006;1;01/02/1979;1;56,9;148,6;24;14;1;1;1;;0;0,0;0,0;0,2;0,0;15,9;4,0;0,8;0,0;0,0;0,0;0,0;5,2;2,1;8,0;0,0;0,0;0,0;0,0;1,6;1,9;0,0;0,0;0,0;56,9;9,5;29,8;9,3;3,4;;;;0;0;0;0;0;0;0;0;0;0;0;0;0;0;0;0;0;0;0;0;0;0;0;0;0;0;0;0;0;0;0;
834006;1;01/01/1979;1;24,6;79,2;26;16;1;1;1;;0;0,3;0,0;1,0;0,0;0,0;0,0;0,3;0,0;0,0;0,0;0,3;3,2;5,9;0,6;0,0;0,0;0,0;0,0;0,2;0,0;0,0;0,5;4,1;8,9;24,5;24,6;1,2;1,3;2,3;0,0;0,0;0;0;0;0;0;0;0;0;0;0;0;0;0;0;0;0;0;0;0;0;0;0;0;0;0;0;0;0;0;0;0;
834006;1;01/12/1978;1;11,3;69,2;8;14;1;1;1;;0;9,9;8,3;3,1;10,2;8,9;1,0;2,6;11,3;2,5;0,0;0,0;0,0;0,0;0,0;0,2;0,0;0,0;0,0;0,0;0,0;0,0;0,5;9,1;1,4;0,0;0,0;0,0;0,2;0,0;0,0;0,0;0;0;0;0;0;0;0;0;0;0;0;0;0;0;0;0;0;0;0;0;0;0;0;0;0;0;0;0;0;0;0;
834006;1;01/11/1978;1;20,5;56,4;20;15;1;1;1;;0;0,0;0,2;0,4;0,6;2,0;0,0;0,0;0,0;1,4;12,9;0,0;0,0;0,0;0,2;4,4;0,0;0,0;0,0;3,2;20,5;0,9;0,5;0,0;0,0;0,0;0,0;3,9;0,4;4,9;0,0;;0;0;0;0;0;0;0;0;0;0;0;0;0;0;0;0;0;0;0;0;0;0;0;0;0;0;0;0;0;0;0;
834006;1;01/10/1978;1;9,8;46,6;6;21;1;1;1;;0;0,0;1,0;0,2;2,0;2,1;9,8;0,2;0,0;0,0;1,0;0,4;0,4;0,4;2,3;0,4;0,3;0,2;9,1;0,0;1,3;0,0;0,0;1,0;0,0;0,0;4,1;0,4;0,3;0,0;0,0;9,7;0;0;0;0;0;0;0;0;0;0;0;0;0;0;0;0;0;0;0;0;0;0;0;0;0;0;0;0;0;0;0;
834006;1;01/09/1978;1;49,1;291,3;29;25;1;1;1;;0;2,3;0,2;8,6;37,5;26,5;0,0;1,4;2,0;0,4;0,0;0,0;0,0;0,0;2,4;14,6;7,0;44,8;0,8;3,0;3,0;8,3;7,8;19,7;6,0;6,2;10,6;10,2;0,8;49,1;18,1;;0;0;0;0;0;0;0;0;0;0;0;0;0;0;0;0;0;0;0;0;0;0;0;0;0;0;0;0;0;0;0;
834006;1;01/08/1978;1;51,5;210,8;6;25;1;1;1;;0;1,0;26,8;1,0;2,3;12,8;51,5;7,3;1,1;1,4;29,9;7,4;0,8;0,0;8,6;0,2;0,0;0,0;8,3;4,9;1,2;3,2;0,4;23,8;2,5;0,0;0,0;11,8;1,4;0,2;1,0;0,0;0;0;0;0;0;0;0;0;0;0;0;0;0;0;0;0;0;0;0;0;0;0;0;0;0;0;0;0;0;0;0;
834006;1;01/07/1978;1;87,1;505,8;6;26;1;1;1;;0;0,0;0,3;16,2;3,1;7,4;87,1;8,9;4,3;0,0;27,1;13,4;47,8;62,8;11,9;39,9;0,0;0,9;9,1;4,9;8,4;0,0;0,0;0,5;15,4;47,5;2,0;6,4;21,6;37,4;15,5;6,0;0;0;0;0;0;0;0;0;0;0;0;0;0;0;0;0;0;0;0;0;0;0;0;0;0;0;0;0;0;0;0;
834006;1;01/06/1978;1;83,6;300,2;14;24;1;1;1;;0;31,8;0,0;0,0;0,0;0,2;0,0;5,1;5,5;1,5;20,4;0,0;0,4;9,0;83,6;31,2;14,9;4,6;0,0;0,6;1,4;8,8;7,0;14,6;3,6;1,1;32,0;13,1;9,2;0,3;0,3;;0;0;0;0;0;0;0;0;0;0;0;0;0;0;0;0;0;0;0;0;0;0;0;0;0;0;0;0;0;0;0;
834006;1;01/05/1978;1;54,3;260,9;20;24;1;1;1;;0;1,2;3,1;33,8;13,7;0,2;0,0;9,0;0,5;9,5;1,2;47,8;15,4;29,7;4,0;6,8;11,9;2,2;0,0;0,0;54,3;0,9;0,9;0,0;0,0;1,5;0,3;0,0;0,0;2,0;10,9;0,1;0;0;0;0;0;0;0;0;0;0;0;0;0;0;0;0;0;0;0;0;0;0;0;0;0;0;0;0;0;0;0;
834006;1;01/04/1978;1;78,3;446,4;6;19;1;1;1;;0;0,0;0,0;0,0;0,0;2,4;78,3;1,9;0,0;58,1;43,4;9,9;0,0;0,5;0,2;3,6;0,0;0,0;4,7;0,0;0,0;17,2;9,8;47,6;32,9;1,4;0,0;3,3;54,9;7,1;69,2;;0;0;0;0;0;0;0;0;0;0;0;0;0;0;0;0;0;0;0;0;0;0;0;0;0;0;0;0;0;0;0;
834006;1;01/03/1978;1;97,0;283,7;14;20;1;1;1;;0;7,5;21,2;27,9;2,8;1,9;0,0;33,5;1,1;2,9;0,0;0,0;0,0;16,4;97,0;27,9;11,4;17,8;0,2;0,0;0,0;1,7;5,7;2,8;0,0;0,0;2,9;0,5;0,0;0,0;0,6;0,0;0;0;0;0;0;0;0;0;0;0;0;0;0;0;0;0;0;0;0;0;0;0;0;0;0;0;0;0;0;0;0;
834006;1;01/02/1978;1;97,2;234,2;11;18;1;1;1;;0;0,0;0,0;0,0;0,0;0,0;0,0;0,2;5,7;1,0;31,5;97,2;8,6;3,3;0,0;0,0;0,2;4,5;3,7;1,8;0,0;6,7;6,9;0,0;2,8;0,2;3,0;55,8;1,1;;;;0;0;0;0;0;0;0;0;0;0;0;0;0;0;0;0;0;0;0;0;0;0;0;0;0;0;0;0;0;0;0;
834006;1;01/01/1978;1;11,2;36,0;16;10;1;1;1;;0;0,0;0,8;0,0;0,0;0,0;0,0;2,8;0,0;0,0;0,0;0,0;9,7;0,0;0,0;1,0;11,2;0,0;0,4;1,5;3,4;0,0;0,0;0,0;2,0;0,0;0,0;0,0;3,2;0,0;0,0;0,0;0;0;0;0;0;0;0;0;0;0;0;0;0;0;0;0;0;0;0;0;0;0;0;0;0;0;0;0;0;0;0;
834006;1;01/12/1977;1;43,0;91,2;20;9;1;1;1;;0;1,2;7,3;0,0;0,0;0,0;0,0;0,0;0,2;0,0;0,0;0,2;0,0;0,0;0,0;0,0;0,0;0,0;0,0;2,0;43,0;36,0;1,2;0,0;0,0;0,0;0,0;0,0;0,0;0,0;0,0;0,1;0;0;0;0;0;0;0;0;0;0;0;0;0;0;0;0;0;0;0;0;0;0;0;0;0;0;0;0;0;0;0;
834006;1;01/11/1977;1;7,9;19,7;15;10;1;1;1;;0;0,0;0,2;0,2;0,8;0,2;0,0;0,0;4,5;0,6;0,0;0,0;0,0;0,0;0,0;7,9;3,2;0,0;0,8;0,0;0,0;1,3;0,0;0,0;0,0;0,0;0,0;0,0;0,0;0,0;0,0;;0;0;0;0;0;0;0;0;0;0;0;0;0;0;0;0;0;0;0;0;0;0;0;0;0;0;0;0;0;0;0;
834006;1;01/10/1977;1;47,0;109,4;17;19;1;1;1;;0;4,8;7,1;5,1;0,0;1,2;0,0;0,0;2,6;0,0;3,7;1,6;0,9;9,0;2,6;0,8;7,8;47,0;0,0;0,8;0,0;1,2;0,4;0,7;0,0;9,4;0,0;0,0;0,0;0,0;0,0;2,7;0;0;0;0;0;0;0;0;0;0;0;0;0;0;0;0;0;0;0;0;0;0;0;0;0;0;0;0;0;0;0;
834006;1;01/09/1977;1;17,2;95,6;1;18;1;1;1;;0;17,2;0,0;0,0;0,0;0,0;0,0;0,3;0,0;0,4;3,6;0,4;0,0;6,4;7,0;17,1;17,1;5,9;4,2;0,3;2,3;4,8;0,0;0,0;0,3;0,0;0,0;0,2;7,7;0,4;0,0;;0;0;0;0;0;0;0;0;0;0;0;0;0;0;0;0;0;0;0;0;0;0;0;0;0;0;0;0;0;0;0;
834006;1;01/08/1977;1;35,9;133,4;31;20;1;1;1;;0;2,4;4,2;0,3;0,0;1,3;1,2;2,2;0,0;0,0;0,0;0,0;2,0;0,2;0,0;1,5;8,4;0,0;7,0;0,3;0,0;0,0;28,9;4,8;0,0;0,2;22,7;1,3;0,0;6,4;2,2;35,9;0;0;0;0;0;0;0;0;0;0;0;0;0;0;0;0;0;0;0;0;0;0;0;0;0;0;0;0;0;0;0;
834006;1;01/07/1977;1;83,4;542,9;15;31;1;1;1;;0;1,8;19,4;5,2;49,6;65,7;9,1;13,3;31,5;6,4;16,0;24,9;0,7;2,6;3,1;83,4;8,7;1,0;10,1;0,4;1,1;0,8;3,2;1,4;33,2;10,9;7,7;4,4;0,5;14,4;53,6;58,8;0;0;0;0;0;0;0;0;0;0;0;0;0;0;0;0;0;0;0;0;0;0;0;0;0;0;0;0;0;0;0;
834006;1;01/06/1977;1;92,0;425,7;20;27;1;1;1;;0;0,8;28,6;24,9;2,1;40,6;0,0;0,0;5,8;1,6;6,8;21,2;2,4;0,0;1,9;1,2;0,3;15,6;29,1;25,1;92,0;18,6;12,3;5,1;31,4;0,2;8,2;0,5;12,2;16,3;20,9;;0;0;0;0;0;0;0;0;0;0;0;0;0;0;0;0;0;0;0;0;0;0;0;0;0;0;0;0;0;0;0;
834006;1;01/05/1977;1;56,8;295,4;3;22;1;1;1;;0;19,2;1,3;56,8;0,8;6,0;3,7;5,5;36,5;25,1;7,4;45,4;1,1;0,0;0,0;27,0;1,3;0,0;0,0;0,0;2,4;0,0;0,0;0,8;7,4;6,4;16,3;6,8;16,4;1,8;0,0;0,0;0;0;0;0;0;0;0;0;0;0;0;0;0;0;0;0;0;0;0;0;0;0;0;0;0;0;0;0;0;0;0;
834006;1;01/04/1977;1;49,8;223,1;10;18;1;1;1;;0;0,0;0,4;13,9;4,1;0,0;12,4;30,2;0,0;0,0;49,8;13,9;3,6;21,9;10,6;15,0;0,0;4,0;0,0;3,2;0,0;0,5;0,8;0,0;4,1;0,0;0,0;0,0;7,8;0,0;26,9;;0;0;0;0;0;0;0;0;0;0;0;0;0;0;0;0;0;0;0;0;0;0;0;0;0;0;0;0;0;0;0;
834006;1;01/03/1977;1;74,5;182,1;30;23;1;1;1;;0;0,0;0,6;0,0;2,4;0,5;0,0;0,0;0,0;6,9;0,8;1,0;0,0;0,8;1,7;0,8;11,9;7,7;0,0;2,2;18,6;17,1;0,4;0,0;1,1;0,2;9,7;2,2;15,2;4,6;74,5;1,2;0;0;0;0;0;0;0;0;0;0;0;0;0;0;0;0;0;0;0;0;0;0;0;0;0;0;0;0;0;0;0;
834006;1;01/02/1977;1;26,6;137,8;5;23;1;1;1;;0;3,0;6,0;0,0;13,8;26,6;0,4;8,0;10,1;1,8;5,6;11,4;0,5;2,7;0,0;0,0;0,0;2,6;0,0;0,2;0,1;6,7;1,4;4,7;4,4;2,0;19,3;0,9;5,6;;;;0;0;0;0;0;0;0;0;0;0;0;0;0;0;0;0;0;0;0;0;0;0;0;0;0;0;0;0;0;0;0;
834006;1;01/01/1977;1;16,8;74,7;31;18;1;1;1;;0;0,0;7,7;0,0;3,2;3,0;0,0;0,4;0,6;0,4;0,1;0,5;0,0;10,8;15,3;0,6;0,0;4,7;0,8;0,0;0,0;0,0;0,0;0,0;0,0;0,0;0,0;0,2;1,6;4,8;3,2;16,8;0;0;0;0;0;0;0;0;0;0;0;0;0;0;0;0;0;0;0;0;0;0;0;0;0;0;0;0;0;0;0;
834006;1;01/12/1976;1;26,4;129,8;14;15;1;1;1;;0;15,6;18,7;12,1;2,2;3,6;4,7;17,4;0,0;0,0;0,0;0,0;0,4;0,0;26,4;0,0;0,0;0,0;4,0;13,0;6,8;0,0;0,4;0,0;0,0;0,0;0,0;0,0;0,7;0,0;0,0;3,8;0;0;0;0;0;0;0;0;0;0;0;0;0;0;0;0;0;0;0;0;0;0;0;0;0;0;0;0;0;0;0;
834006;1;01/11/1976;1;23,2;48,5;29;12;1;1;1;;0;0,0;0,0;0,0;0,0;0,0;0,0;0,0;0,0;1,0;3,2;0,0;0,0;0,5;0,4;0,0;0,0;0,0;0,0;0,0;6,4;0,0;2,3;0,0;0,2;1,2;3,1;1,0;6,0;23,2;0,0;;0;0;0;0;0;0;0;0;0;0;0;0;0;0;0;0;0;0;0;0;0;0;0;0;0;0;0;0;0;0;0;
834006;1;01/10/1976;1;86,8;148,6;14;18;1;1;1;;0;0,0;0,0;0,0;1,0;5,3;10,8;5,4;0,0;2,0;0,0;0,4;0,0;0,0;86,8;12,8;0,0;0,1;0,2;3,4;1,2;0,1;9,1;2,0;3,2;2,1;0,0;0,0;0,0;2,7;0,0;0,0;0;0;0;0;0;0;0;0;0;0;0;0;0;0;0;0;0;0;0;0;0;0;0;0;0;0;0;0;0;0;0;
834006;1;01/09/1976;1;11,3;29,2;6;6;1;1;1;;0;0,0;1,8;4,4;0,0;0,0;11,3;1,8;0,0;0,0;0,0;0,0;0,0;0,0;0,0;0,1;0,0;0,0;0,0;0,0;0,0;0,0;9,8;0,0;0,0;0,0;0,0;0,0;0,0;0,0;0,0;;0;0;0;0;0;0;0;0;0;0;0;0;0;0;0;0;0;0;0;0;0;0;0;0;0;0;0;0;0;0;0;
834006;1;01/08/1976;1;16,9;61,1;23;16;1;1;1;;0;0,6;0,0;0,4;0,1;0,0;8,2;0,0;0,0;1,1;0,0;0,0;4,5;5,8;0,0;0,0;0,0;0,0;0,5;0,0;5,4;0,1;0,0;16,9;0,0;10,0;4,3;0,0;0,0;0,4;1,4;1,4;0;0;0;0;0;0;0;0;0;0;0;0;0;0;0;0;0;0;0;0;0;0;0;0;0;0;0;0;0;0;0;
834006;1;01/07/1976;1;46,6;268,5;25;20;1;1;1;;0;0,0;0,0;0,6;0,9;2,0;1,4;0,0;0,0;0,0;0,0;3,7;3,9;5,9;3,4;1,0;0,0;23,6;0,0;27,3;14,3;43,7;0,0;16,8;23,5;46,6;1,7;0,0;6,0;19,0;23,2;0,0;0;0;0;0;0;0;0;0;0;0;0;0;0;0;0;0;0;0;0;0;0;0;0;0;0;0;0;0;0;0;0;
834006;1;01/06/1976;1;59,2;293,4;7;24;1;1;1;;0;0,3;0,0;0,0;6,1;0,4;0,4;59,2;44,0;0,3;1,7;4,6;12,2;25,0;11,3;0,0;0,0;0,0;7,4;19,7;0,0;25,7;31,4;3,8;3,3;3,0;1,0;9,2;11,2;10,2;2,0;;0;0;0;0;0;0;0;0;0;0;0;0;0;0;0;0;0;0;0;0;0;0;0;0;0;0;0;0;0;0;0;
834006;1;01/05/1976;1;85,9;299,4;22;23;1;1;1;;0;11,9;0,1;0,4;0,1;0,0;0,4;0,0;3,0;6,0;0,0;0,1;0,0;0,5;0,0;0,0;0,8;0,3;52,2;0,0;0,5;5,0;85,9;41,8;2,4;3,3;0,0;7,5;68,6;7,2;0,4;1,0;0;0;0;0;0;0;0;0;0;0;0;0;0;0;0;0;0;0;0;0;0;0;0;0;0;0;0;0;0;0;0;
834006;1;01/04/1976;1;50,1;237,2;12;24;1;1;1;;0;15,8;6,1;4,8;0,0;0,5;1,6;9,0;5,2;1,7;0,5;0,0;50,1;28,7;1,7;8,2;25,9;0,3;0,0;48,6;12,2;0,0;1,1;6,0;6,9;0,5;0,4;1,3;0,0;0,0;0,1;;0;0;0;0;0;0;0;0;0;0;0;0;0;0;0;0;0;0;0;0;0;0;0;0;0;0;0;0;0;0;0;
834006;1;01/03/1976;1;106,6;406,2;9;24;1;1;1;;0;0,0;13,0;1,0;10,6;10,8;23,0;11,3;38,3;106,6;31,3;17,4;2,6;5,4;1,2;0,0;0,0;0,0;0,2;0,0;0,4;3,0;5,1;24,7;0,0;29,3;0,0;4,7;27,9;8,5;0,2;29,7;0;0;0;0;0;0;0;0;0;0;0;0;0;0;0;0;0;0;0;0;0;0;0;0;0;0;0;0;0;0;0;
834006;1;01/02/1976;1;102,8;255,4;22;19;1;1;1;;0;12,7;30,3;20,1;0,2;1,3;0,0;1,8;0,1;0,8;0,0;0,0;0,0;7,4;3,8;0,0;1,2;13,0;0,0;0,0;6,4;1,1;102,8;37,4;1,8;0,0;10,0;0,0;3,2;0,0;;;0;0;0;0;0;0;0;0;0;0;0;0;0;0;0;0;0;0;0;0;0;0;0;0;0;0;0;0;0;0;0;
834006;1;01/01/1976;1;10,7;47,2;31;13;1;1;1;;0;0,0;0,0;3,3;0,0;0,0;3,9;0,0;3,1;2,2;0,0;0,0;0,0;0,8;1,2;0,0;0,0;0,0;0,0;1,8;1,4;10,2;4,5;0,8;0,0;0,0;0,0;0,0;0,0;0,0;3,3;10,7;0;0;0;0;0;0;0;0;0;0;0;0;0;0;0;0;0;0;0;0;0;0;0;0;0;0;0;0;0;0;0;
834006;1;01/12/1975;1;40,1;134,5;4;17;1;1;1;;0;0,0;8,6;8,8;40,1;0,7;8,5;3,9;0,0;0,0;1,9;4,4;0,0;0,0;0,0;0,0;0,0;0,0;1,0;0,0;4,6;24,4;0,2;1,1;0,4;0,0;0,0;19,2;6,4;0,0;0,0;0,3;0;0;0;0;0;0;0;0;0;0;0;0;0;0;0;0;0;0;0;0;0;0;0;0;0;0;0;0;0;0;0;
834006;1;01/11/1975;1;17,3;34,2;25;12;1;1;1;;0;0,0;0,0;0,0;0,0;0,0;0,2;0,0;0,0;0,0;0,0;1,3;0,0;0,0;0,0;1,4;0,0;0,9;0,2;0,3;0,0;1,0;0,0;1,2;1,5;17,3;2,0;6,9;0,0;0,0;0,0;;0;0;0;0;0;0;0;0;0;0;0;0;0;0;0;0;0;0;0;0;0;0;0;0;0;0;0;0;0;0;0;
834006;1;01/10/1975;1;4,6;17,0;8;7;1;1;1;;0;0,0;0,0;1,4;0,0;0,0;0,0;0,0;4,6;0,0;2,4;0,0;1,4;0,0;0,0;0,0;0,0;0,0;0,0;0,0;0,0;0,0;0,0;0,0;0,0;0,0;4,4;0,0;1,4;0,0;0,0;1,4;0;0;0;0;0;0;0;0;0;0;0;0;0;0;0;0;0;0;0;0;0;0;0;0;0;0;0;0;0;0;0;
834006;1;01/09/1975;1;11,4;73,3;19;20;1;1;1;;0;0,8;0,8;3,5;1,1;9,8;8,7;2,2;1,4;0,0;0,0;0,2;5,2;0,0;8,1;0,4;0,0;2,8;1,7;11,4;0,0;2,7;3,3;0,0;8,4;0,4;0,0;0,0;0,4;0,0;0,0;;0;0;0;0;0;0;0;0;0;0;0;0;0;0;0;0;0;0;0;0;0;0;0;0;0;0;0;0;0;0;0;
834006;1;01/08/1975;1;26,4;173,3;16;26;1;1;1;;0;1,2;0,5;0,0;0,9;0,0;0,8;0,0;23,2;4,8;8,2;2,0;3,2;3,9;0,0;0,5;26,4;12,4;3,2;8,2;0,2;20,2;6,8;3,1;16,2;15,1;2,5;2,7;0,4;0,0;0,2;6,5;0;0;0;0;0;0;0;0;0;0;0;0;0;0;0;0;0;0;0;0;0;0;0;0;0;0;0;0;0;0;0;
834006;1;01/07/1975;1;99,0;494,3;17;26;1;1;1;;0;0,0;50,1;42,7;1,8;10,4;0,0;0,0;7,3;17,6;14,1;46,5;6,3;10,4;29,0;18,2;17,2;99,0;21,2;4,2;2,2;46,8;0,2;2,3;5,8;5,5;0,0;6,2;7,0;19,1;0,0;3,2;0;0;0;0;0;0;0;0;0;0;0;0;0;0;0;0;0;0;0;0;0;0;0;0;0;0;0;0;0;0;0;
834006;1;01/06/1975;1;70,1;406,6;2;22;1;1;1;;0;65,4;70,1;15,3;46,2;1,9;0,0;0,0;0,0;0,0;0,0;6,2;1,0;11,3;0,0;0,9;6,2;62,4;41,5;32,2;3,5;7,0;1,5;17,8;0,5;0,0;2,0;1,4;12,0;0,0;0,3;;0;0;0;0;0;0;0;0;0;0;0;0;0;0;0;0;0;0;0;0;0;0;0;0;0;0;0;0;0;0;0;
834006;1;01/05/1975;1;70,9;327,6;13;22;1;1;1;;0;3,0;6,6;0,2;14,7;4,9;1,2;23,5;0,0;0,5;0,0;0,0;0,0;70,9;0,0;0,0;5,9;23,5;8,4;0,0;0,8;0,0;17,7;54,9;31,9;38,8;8,9;7,9;1,0;1,4;0,0;1,0;0;0;0;0;0;0;0;0;0;0;0;0;0;0;0;0;0;0;0;0;0;0;0;0;0;0;0;0;0;0;0;
834006;1;01/04/1975;1;41,3;110,6;24;12;1;1;1;;0;0,0;0,0;0,0;0,0;0,0;0,0;0,0;0,0;0,0;0,0;0,0;0,0;0,0;0,2;8,9;0,0;0,0;0,0;0,5;5,0;0,0;0,0;1,1;41,3;1,7;2,8;16,4;21,3;7,2;4,2;;0;0;0;0;0;0;0;0;0;0;0;0;0;0;0;0;0;0;0;0;0;0;0;0;0;0;0;0;0;0;0;
834006;1;01/03/1975;1;59,7;259,9;5;15;1;1;1;;0;32,1;52,9;15,0;0,4;59,7;31,3;0,0;3,3;4,9;15,8;8,9;7,5;0,0;19,2;6,5;0,0;0,2;2,2;0,0;0,0;0,0;0,0;0,0;0,0;0,0;0,0;0,0;0,0;0,0;0,0;0,0;0;0;0;0;0;0;0;0;0;0;0;0;0;0;0;0;0;0;0;0;0;0;0;0;0;0;0;0;0;0;0;
834006;1;01/02/1975;1;23,6;53,0;28;10;1;1;1;;0;0,0;0,0;7,9;0,0;0,0;0,0;0,0;0,2;0,0;0,0;0,0;0,0;0,0;0,0;0,0;1,7;0,0;4,7;2,1;0,0;0,9;1,0;0,0;0,0;4,3;6,6;0,0;23,6;;;;0;0;0;0;0;0;0;0;0;0;0;0;0;0;0;0;0;0;0;0;0;0;0;0;0;0;0;0;0;0;0;
834006;1;01/01/1975;1;42,9;87,1;6;14;1;1;1;;0;1,9;0,0;0,0;0,0;0,0;42,9;9,4;2,0;0,0;0,3;1,8;0,0;0,0;0,0;6,1;0,1;0,0;0,0;0,0;0,0;0,0;0,0;0,0;10,4;0,0;2,6;4,4;2,6;0,0;2,0;0,6;0;0;0;0;0;0;0;0;0;0;0;0;0;0;0;0;0;0;0;0;0;0;0;0;0;0;0;0;0;0;0;
834006;1;01/12/1974;1;26,7;86,3;5;16;1;1;1;;0;8,6;11,8;7,4;11,0;26,7;0,0;0,0;0,0;0,0;0,0;2,3;0,0;0,0;0,2;0,0;4,8;1,6;0,3;0,0;0,0;0,4;0,0;1,3;0,0;0,0;0,0;1,0;0,2;0,0;2,4;6,3;0;0;0;0;0;0;0;0;0;0;0;0;0;0;0;0;0;0;0;0;0;0;0;0;0;0;0;0;0;0;0;
834006;1;01/11/1974;1;5,4;15,1;30;8;1;1;1;;0;0,0;0,8;0,0;3,8;0,0;0,0;0,0;0,2;0,0;0,0;0,0;0,0;0,0;0,0;0,3;0,0;0,0;0,0;0,0;0,0;0,0;0,0;0,0;0,0;0,0;0,4;0,0;3,5;0,7;5,4;;0;0;0;0;0;0;0;0;0;0;0;0;0;0;0;0;0;0;0;0;0;0;0;0;0;0;0;0;0;0;0;
834006;1;01/10/1974;1;9,3;14,7;15;7;1;1;1;;0;0,0;0,9;0,0;0,3;0,2;0,0;0,0;0,0;3,3;0,0;0,0;0,0;0,0;0,0;9,3;0,0;0,0;0,0;0,2;0,0;0,0;0,0;0,0;0,0;0,0;0,0;0,0;0,5;0,0;0,0;0,0;0;0;0;0;0;0;0;0;0;0;0;0;0;0;0;0;0;0;0;0;0;0;0;0;0;0;0;0;0;0;0;
834006;1;01/09/1974;1;38,8;136,5;26;19;1;1;1;;0;3,1;10,8;1,6;0,0;0,0;0,2;0,0;6,2;0,9;0,0;10,1;13,9;0,0;1,8;1,5;7,9;16,7;9,9;0,0;0,8;7,3;2,2;0,0;0,0;2,3;38,8;0,0;0,5;0,0;0,0;;0;0;0;0;0;0;0;0;0;0;0;0;0;0;0;0;0;0;0;0;0;0;0;0;0;0;0;0;0;0;0;
834006;1;01/08/1974;1;39,8;124,4;1;23;1;1;1;;0;39,8;4,1;1,4;6,9;8,1;0,0;4,6;3,2;0,2;3,2;0,9;0,0;0,5;0,0;0,2;0,0;0,0;2,0;0,0;8,3;0,0;0,7;3,5;3,9;2,6;8,0;3,9;0,0;5,5;12,0;0,9;0;0;0;0;0;0;0;0;0;0;0;0;0;0;0;0;0;0;0;0;0;0;0;0;0;0;0;0;0;0;0;
834006;1;01/07/1974;1;79,0;314,4;15;29;1;1;1;;0;3,0;5,1;6,4;3,8;4,2;42,4;24,0;14,0;4,2;3,2;0,9;8,2;0,3;7,7;79,0;24,4;4,1;4,4;7,3;2,4;35,8;5,1;3,7;0,0;2,2;11,8;0,7;5,4;0,2;0,0;0,5;0;0;0;0;0;0;0;0;0;0;0;0;0;0;0;0;0;0;0;0;0;0;0;0;0;0;0;0;0;0;0;
834006;1;01/06/1974;1;89,6;388,3;20;27;1;1;1;;0;13,0;1,3;3,0;4,9;17,7;4,8;8,8;21,9;0,7;0,7;0,0;1,1;1,5;5,1;0,5;6,6;41,3;15,7;59,3;89,6;31,4;19,4;6,5;5,8;1,3;0,5;0,0;0,0;8,8;17,1;;0;0;0;0;0;0;0;0;0;0;0;0;0;0;0;0;0;0;0;0;0;0;0;0;0;0;0;0;0;0;0;
834006;1;01/05/1974;1;98,0;454,6;22;24;1;1;1;;0;0,4;0,0;0,8;0,4;4,1;0,0;10,8;2,6;16,4;5,8;53,0;51,3;2,9;0,7;0,0;0,0;34,6;0,0;0,4;4,3;56,5;98,0;51,6;30,2;4,1;2,9;13,1;0,0;0,0;9,0;0,7;0;0;0;0;0;0;0;0;0;0;0;0;0;0;0;0;0;0;0;0;0;0;0;0;0;0;0;0;0;0;0;
834006;1;01/04/1974;1;38,2;285,3;14;22;1;1;1;;0;0,0;1,7;4,8;0,0;24,2;20,6;16,3;17,3;0,4;14,9;35,4;1,8;0,0;38,2;13,6;10,7;4,6;16,9;4,6;30,9;15,8;1,0;0,0;3,7;3,3;0,0;0,0;4,6;0,0;0,0;;0;0;0;0;0;0;0;0;0;0;0;0;0;0;0;0;0;0;0;0;0;0;0;0;0;0;0;0;0;0;0;
834006;1;01/03/1974;1;66,2;323,5;22;23;1;1;1;;0;18,6;1,9;24,8;0,2;3,8;21,9;0,3;18,1;54,4;48,5;3,1;13,0;0,4;3,1;0,0;2,6;8,2;11,9;3,7;0,0;0,0;66,2;0,0;1,3;0,4;0,0;0,0;0,0;8,4;0,0;8,7;0;0;0;0;0;0;0;0;0;0;0;0;0;0;0;0;0;0;0;0;0;0;0;0;0;0;0;0;0;0;0;
834006;1;01/02/1974;1;46,9;174,5;5;15;1;1;1;;0;3,4;0,0;1,2;43,7;46,9;0,0;3,6;16,3;0,0;0,2;0,0;1,4;0,0;0,0;1,1;0,0;0,0;0,0;15,9;1,1;0,0;0,0;0,0;0,3;5,3;0,0;10,8;23,3;;;;0;0;0;0;0;0;0;0;0;0;0;0;0;0;0;0;0;0;0;0;0;0;0;0;0;0;0;0;0;0;0;
834006;1;01/01/1974;1;54,0;205,9;30;15;1;1;1;;0;0,0;0,0;0,0;0,0;0,0;0,0;0,0;0,0;0,0;3,4;0,0;0,0;0,0;2,4;0,2;0,5;3,1;15,4;43,2;14,7;33,1;1,4;6,0;0,0;2,3;0,0;0,0;0,0;15,6;54,0;10,6;0;0;0;0;0;0;0;0;0;0;0;0;0;0;0;0;0;0;0;0;0;0;0;0;0;0;0;0;0;0;0;
834006;1;01/12/1973;1;29,3;65,6;23;9;1;1;1;;0;0,5;6,7;0,0;0,0;0,0;0,0;0,0;0,0;0,0;0,0;0,0;6,0;1,3;0,0;0,0;0,4;0,0;0,0;18,8;1,1;0,0;0,0;29,3;0,0;0,0;0,0;0,0;0,0;1,5;0,0;0,0;0;0;0;0;0;0;0;0;0;0;0;0;0;0;0;0;0;0;0;0;0;0;0;0;0;0;0;0;0;0;0;
834006;1;01/11/1973;1;12,3;23,7;24;9;1;1;1;;0;0,2;7,4;0,0;0,0;0,0;0,0;0,0;0,0;0,0;0,0;0,0;0,8;0,2;0,0;0,0;0,0;0,2;0,0;0,0;0,0;0,0;0,0;2,2;12,3;0,0;0,2;0,2;0,0;0,0;0,0;;0;0;0;0;0;0;0;0;0;0;0;0;0;0;0;0;0;0;0;0;0;0;0;0;0;0;0;0;0;0;0;
834006;1;01/10/1973;1;59,6;118,7;2;14;1;1;1;;0;0,0;59,6;24,7;11,2;10,5;0,0;0,2;0,2;0,0;0,0;0,0;0,0;0,4;0,0;0,0;0,0;0,0;0,0;0,3;0,0;0,2;0,0;0,0;1,9;0,0;0,2;0,0;0,9;0,0;5,2;3,2;0;0;0;0;0;0;0;0;0;0;0;0;0;0;0;0;0;0;0;0;0;0;0;0;0;0;0;0;0;0;0;
834006;1;01/09/1973;1;35,8;200,4;9;24;1;1;1;;0;12,4;14,4;17,9;3,0;3,9;12,0;1,3;4,1;35,8;25,3;3,3;0,0;12,9;3,4;6,0;0,0;7,2;18,1;5,7;12,3;0,3;0,0;0,0;0,1;0,2;0,3;0,2;0,3;0,0;0,0;;0;0;0;0;0;0;0;0;0;0;0;0;0;0;0;0;0;0;0;0;0;0;0;0;0;0;0;0;0;0;0;
834006;1;01/08/1973;1;35,9;100,9;2;16;1;1;1;;0;0,0;35,9;10,9;10,8;0,3;2,6;0,0;0,0;0,3;0,0;0,0;1,5;0,0;0,0;0,0;0,0;0,0;3,7;18,6;0,9;0,0;0,0;0,4;0,0;10,0;2,2;0,0;0,5;1,4;0,0;0,9;0;0;0;0;0;0;0;0;0;0;0;0;0;0;0;0;0;0;0;0;0;0;0;0;0;0;0;0;0;0;0;
834006;1;01/07/1973;1;162,0;422,6;21;22;1;1;1;;0;1,2;0,1;1,0;38,4;31,0;40,6;18,4;15,6;8,3;9,7;0,8;18,6;0,0;20,3;11,6;8,1;7,1;1,5;14,9;9,3;162,0;2,3;0,0;0,0;0,0;1,8;0,0;0,0;0,0;0,0;0,0;0;0;0;0;0;0;0;0;0;0;0;0;0;0;0;0;0;0;0;0;0;0;0;0;0;0;0;0;0;0;0;
834006;1;01/06/1973;1;94,1;585,6;21;25;1;1;1;;0;27,0;1,0;66,2;13,2;6,3;13,7;0,5;14,0;87,7;18,6;18,2;1,2;7,5;33,3;44,7;30,0;14,0;26,3;0,0;0,0;94,1;9,0;0,0;0,0;46,1;5,9;5,2;0,0;0,3;1,6;;0;0;0;0;0;0;0;0;0;0;0;0;0;0;0;0;0;0;0;0;0;0;0;0;0;0;0;0;0;0;0;
834006;1;01/05/1973;1;76,9;313,0;24;22;1;1;1;;0;63,2;0,0;0,2;0,0;5,5;3,6;0,0;0,0;0,0;0,0;17,9;0,9;0,0;0,0;2,7;1,2;7,6;9,3;3,8;3,7;4,0;0,0;45,6;76,9;2,4;23,3;4,3;7,6;11,1;2,4;15,8;0;0;0;0;0;0;0;0;0;0;0;0;0;0;0;0;0;0;0;0;0;0;0;0;0;0;0;0;0;0;0;
834006;1;01/04/1973;1;165,3;771,4;22;24;1;1;1;;0;0,0;2,6;0,1;0,0;16,5;0,0;0,5;95,7;102,5;11,0;0,2;1,1;2,0;0,0;0,0;8,1;23,6;6,1;5,1;0,8;80,0;165,3;2,6;0,3;0,0;144,7;5,3;67,2;6,3;23,8;;0;0;0;0;0;0;0;0;0;0;0;0;0;0;0;0;0;0;0;0;0;0;0;0;0;0;0;0;0;0;0;
834006;1;01/03/1973;1;43,6;200,3;23;14;1;1;1;;0;9,8;29,0;0,0;0,0;0,0;0,0;0,0;0,0;12,9;0,0;0,0;0,0;0,0;0,0;1,2;19,6;14,7;0,1;9,4;1,4;9,0;41,3;43,6;8,1;0,2;0,0;0,0;0,0;0,0;0,0;0,0;0;0;0;0;0;0;0;0;0;0;0;0;0;0;0;0;0;0;0;0;0;0;0;0;0;0;0;0;0;0;0;
834006;1;01/02/1973;1;53,0;109,5;25;14;1;1;1;;0;0,0;0,0;0,0;0,0;0,0;0,0;0,0;1,3;0,1;3,3;0,0;0,2;0,0;0,5;0,8;0,0;0,0;0,0;1,5;1,2;0,0;2,7;20,9;4,9;53,0;18,7;0,0;0,4;;;;0;0;0;0;0;0;0;0;0;0;0;0;0;0;0;0;0;0;0;0;0;0;0;0;0;0;0;0;0;0;0;
834006;1;01/01/1973;1;16,4;40,8;16;9;1;1;1;;0;0,0;0,0;0,0;3,2;0,0;0,0;0,0;0,0;0,0;0,0;0,0;0,0;4,7;2,2;0,6;16,4;3,3;0,0;0,0;0,0;0,0;0,0;0,0;0,0;0,0;7,8;1,5;1,1;0,0;0,0;0,0;0;0;0;0;0;0;0;0;0;0;0;0;0;0;0;0;0;0;0;0;0;0;0;0;0;0;0;0;0;0;0;
834006;1;01/12/1972;1;18,2;39,9;28;12;1;1;1;;0;1,2;0,2;8,7;0,0;0,0;0,0;0,0;0,0;0,0;0,0;0,0;0,0;0,0;0,0;0,0;0,4;0,0;1,6;0,0;1,8;0,3;0,0;0,0;0,0;0,3;0,0;2,8;18,2;2,9;1,5;0,0;0;0;0;0;0;0;0;0;0;0;0;0;0;0;0;0;0;0;0;0;0;0;0;0;0;0;0;0;0;0;0;
834006;1;01/11/1972;1;4,3;8,9;2;5;1;1;1;;0;1,7;4,3;0,0;1,5;0,0;0,0;1,2;0,0;0,0;0,0;0,0;0,0;0,0;0,0;0,0;0,0;0,0;0,0;0,0;0,0;0,0;0,0;0,0;0,0;0,0;0,0;0,0;0,0;0,0;0,2;;0;0;0;0;0;0;0;0;0;0;0;0;0;0;0;0;0;0;0;0;0;0;0;0;0;0;0;0;0;0;0;
834006;1;01/10/1972;1;13,7;72,3;21;15;1;1;1;;0;0,0;0,0;0,0;0,4;3,8;5,7;0,1;0,0;0,0;0,3;0,0;0,0;0,0;0,1;0,0;0,0;0,0;0,0;1,6;2,6;13,7;11,9;11,1;12,0;0,0;0,0;0,0;0,0;1,4;5,4;2,2;0;0;0;0;0;0;0;0;0;0;0;0;0;0;0;0;0;0;0;0;0;0;0;0;0;0;0;0;0;0;0;
834006;1;01/09/1972;1;43,8;127,9;8;16;1;1;1;;0;0,0;0,0;0,0;0,3;0,0;0,0;12,7;43,8;11,2;5,0;0,0;0,0;3,8;0,0;0,0;0,0;0,3;21,6;0,4;1,7;1,9;4,6;0,0;0,0;1,9;15,6;2,9;0,0;0,0;0,2;;0;0;0;0;0;0;0;0;0;0;0;0;0;0;0;0;0;0;0;0;0;0;0;0;0;0;0;0;0;0;0;
834006;1;01/08/1972;1;66,7;329,6;22;20;1;1;1;;0;0,6;7,9;9,2;0,0;0,4;9,4;0,0;2,2;0,0;0,0;5,3;0,0;2,6;0,0;0,0;3,7;0,0;0,0;23,3;31,1;1,7;66,7;0,0;0,0;7,9;46,3;52,3;32,4;9,8;0,5;16,3;0;0;0;0;0;0;0;0;0;0;0;0;0;0;0;0;0;0;0;0;0;0;0;0;0;0;0;0;0;0;0;
834006;1;01/07/1972;1;85,6;239,0;7;20;1;1;1;;0;15,6;1,7;0,0;3,5;2,2;26,0;85,6;0,0;0,2;0,0;2,3;2,0;0,4;10,3;8,2;4,5;0,0;5,7;4,6;7,6;40,6;14,9;0,0;2,8;0,0;0,0;0,0;0,0;0,0;0,0;0,3;0;0;0;0;0;0;0;0;0;0;0;0;0;0;0;0;0;0;0;0;0;0;0;0;0;0;0;0;0;0;0;
834006;1;01/06/1972;1;52,0;337,1;1;26;1;1;1;;0;52,0;21,4;4,8;0,0;22,2;13,4;8,6;7,9;10,6;5,9;29,6;8,5;44,1;4,5;0,2;1,8;0,1;0,0;36,8;0,0;0,9;4,6;13,9;12,7;0,3;1,7;1,0;0,0;28,4;1,2;;0;0;0;0;0;0;0;0;0;0;0;0;0;0;0;0;0;0;0;0;0;0;0;0;0;0;0;0;0;0;0;
834006;1;01/05/1972;1;40,0;287,9;18;24;1;1;1;;0;17,7;3,5;0,5;0,0;0,0;33,0;9,9;9,1;2,2;20,2;0,0;0,0;4,3;17,1;2,3;17,3;30,1;40,0;3,0;0,0;25,7;0,2;26,9;2,5;0,7;0,3;0,0;0,0;2,3;6,3;12,8;0;0;0;0;0;0;0;0;0;0;0;0;0;0;0;0;0;0;0;0;0;0;0;0;0;0;0;0;0;0;0;
834006;1;01/04/1972;1;78,0;359,4;23;20;1;1;1;;0;7,6;0,5;0,0;7,3;0,0;0,0;0,0;2,2;0,0;0,0;0,5;1,4;1,6;1,0;0,4;5,1;0,0;0,0;0,0;2,2;0,0;6,1;78,0;8,8;20,0;33,1;55,3;6,0;65,6;56,7;;0;0;0;0;0;0;0;0;0;0;0;0;0;0;0;0;0;0;0;0;0;0;0;0;0;0;0;0;0;0;0;
834006;1;01/03/1972;1;27,1;157,3;2;25;1;1;1;;0;0,0;27,1;12,8;2,1;0,0;0,0;2,5;4,5;0,0;3,5;22,3;0,0;0,8;4,6;2,7;0,1;0,6;0,0;0,3;1,7;7,8;0,3;0,2;0,1;1,0;0,6;12,4;5,5;7,1;11,5;25,2;0;0;0;0;0;0;0;0;0;0;0;0;0;0;0;0;0;0;0;0;0;0;0;0;0;0;0;0;0;0;0;
834006;1;01/02/1972;1;18,9;61,7;11;14;1;1;1;;0;0,0;0,0;0,0;0,0;0,0;0,0;3,6;0,2;0,0;0,6;18,9;0,0;8,2;0,0;0,0;0,3;0,0;0,9;8,9;4,5;0,0;0,4;0,0;0,0;0,7;0,0;12,7;1,6;0,2;;;0;0;0;0;0;0;0;0;0;0;0;0;0;0;0;0;0;0;0;0;0;0;0;0;0;0;0;0;0;0;0;
834006;1;01/01/1972;1;15,7;40,0;3;13;1;1;1;;0;0,0;0,0;15,7;0,2;0,0;0,3;0,0;0,0;1,4;1,6;0,0;0,0;0,0;0,0;0,0;0,0;0,3;13,6;0,5;0,2;0,1;4,6;0,0;0,0;0,0;0,5;1,0;0,0;0,0;0,0;0,0;0;0;0;0;0;0;0;0;0;0;0;0;0;0;0;0;0;0;0;0;0;0;0;0;0;0;0;0;0;0;0;
834006;1;01/12/1971;1;4,7;11,4;15;8;1;1;1;;0;0,6;0,3;0,4;0,7;0,0;0,0;0,0;0,0;0,0;0,0;0,0;0,0;0,0;0,2;4,7;0,6;0,0;0,0;0,0;0,0;0,0;0,0;0,0;0,0;0,0;0,0;0,0;0,0;0,0;0,0;3,9;0;0;0;0;0;0;0;0;0;0;0;0;0;0;0;0;0;0;0;0;0;0;0;0;0;0;0;0;0;0;0;
834006;1;01/11/1971;1;12,0;42,8;11;11;1;1;1;;0;6,1;3,8;0,0;0,0;0,0;0,0;2,2;6,9;6,9;0,0;12,0;0,3;0,4;0,0;0,0;3,9;0,0;0,0;0,0;0,0;0,0;0,0;0,1;0,0;0,2;0,0;0,0;0,0;0,0;0,0;;0;0;0;0;0;0;0;0;0;0;0;0;0;0;0;0;0;0;0;0;0;0;0;0;0;0;0;0;0;0;0;
834006;1;01/10/1971;1;49,5;145,9;5;22;1;1;1;;0;0,5;0,5;0,0;0,0;49,5;2,2;3,2;0,1;0,0;1,4;1,0;0,2;11,8;3,7;4,1;0,0;1,0;0,0;2,0;0,2;0,0;0,2;38,1;2,9;10,6;9,4;0,0;0,0;1,2;0,0;2,1;0;0;0;0;0;0;0;0;0;0;0;0;0;0;0;0;0;0;0;0;0;0;0;0;0;0;0;0;0;0;0;
834006;1;01/09/1971;1;77,2;170,1;13;22;1;1;1;;0;1,6;4,6;9,7;1,2;0,0;1,7;0,2;0,1;1,2;1,5;4,1;1,4;77,2;12,4;6,7;2,0;36,9;0,2;0,0;0,0;1,0;3,8;0,0;0,0;0,0;0,0;0,3;0,0;0,6;1,7;;0;0;0;0;0;0;0;0;0;0;0;0;0;0;0;0;0;0;0;0;0;0;0;0;0;0;0;0;0;0;0;
834006;1;01/08/1971;1;68,3;154,9;6;22;1;1;1;;0;0,2;21,4;2,0;0,3;12,8;68,3;2,7;5,4;0,0;0,0;4,6;2,7;0,0;0,0;0,0;1,6;0,0;0,0;8,0;4,0;0,6;1,5;2,0;4,6;0,8;5,5;0,3;0,0;0,0;4,9;0,7;0;0;0;0;0;0;0;0;0;0;0;0;0;0;0;0;0;0;0;0;0;0;0;0;0;0;0;0;0;0;0;
834006;1;01/07/1971;1;93,8;414,0;24;26;1;1;1;;0;57,9;47,0;6,4;4,8;8,1;0,6;33,6;11,1;13,2;4,8;1,9;2,8;3,4;1,9;0,0;0,1;0,7;2,4;14,7;42,6;4,9;0,0;22,3;93,8;4,6;0,0;0,0;0,0;1,0;20,7;8,7;0;0;0;0;0;0;0;0;0;0;0;0;0;0;0;0;0;0;0;0;0;0;0;0;0;0;0;0;0;0;0;
834006;1;01/06/1971;1;43,8;277,2;14;25;1;1;1;;0;0,0;23,0;14,6;0,2;1,6;15,0;1,4;0,3;0,7;1,6;1,2;13,0;0,0;43,8;0,0;8,1;0,9;1,4;15,1;24,9;1,5;0,0;0,0;10,3;33,0;4,0;21,7;7,4;14,7;17,8;;0;0;0;0;0;0;0;0;0;0;0;0;0;0;0;0;0;0;0;0;0;0;0;0;0;0;0;0;0;0;0;
834006;1;01/05/1971;1;113,8;521,7;8;29;1;1;1;;0;26,8;0,5;1,5;62,5;6,7;8,4;35,6;113,8;8,3;15,4;21,0;2,2;1,2;2,2;0,0;21,0;33,9;14,8;0,0;10,1;5,8;38,8;6,2;2,0;2,0;0,1;0,1;34,6;15,3;6,0;24,9;0;0;0;0;0;0;0;0;0;0;0;0;0;0;0;0;0;0;0;0;0;0;0;0;0;0;0;0;0;0;0;
834006;1;01/04/1971;1;25,8;186,6;6;18;1;1;1;;0;8,0;2,5;4,4;22,5;13,3;25,8;10,6;11,7;0,0;0,0;3,4;0,9;1,3;6,0;16,1;8,9;0,0;0,0;0,0;0,0;0,0;0,0;0,0;0,0;0,0;16,1;16,1;9,8;0,0;9,2;;0;0;0;0;0;0;0;0;0;0;0;0;0;0;0;0;0;0;0;0;0;0;0;0;0;0;0;0;0;0;0;
834006;1;01/03/1971;1;39,6;166,0;29;19;1;1;1;;0;0,0;0,0;0,3;9,0;0,0;0,0;0,0;0,6;0,1;0,0;11,8;2,8;0,0;10,7;2,2;16,8;2,0;0,0;0,0;0,0;0,5;0,0;0,5;9,2;1,5;20,5;26,8;9,4;39,6;1,7;0,0;0;0;0;0;0;0;0;0;0;0;0;0;0;0;0;0;0;0;0;0;0;0;0;0;0;0;0;0;0;0;0;
834006;1;01/02/1971;1;16,4;40,8;16;9;1;1;1;;0;0,0;0,0;0,0;3,2;0,0;0,0;0,0;0,0;0,0;0,0;0,0;0,0;4,7;2,2;0,6;16,4;3,3;0,0;0,0;0,0;0,0;0,0;0,0;0,0;0,0;7,8;1,5;1,1;;;;0;0;0;0;0;0;0;0;0;0;0;0;0;0;0;0;0;0;0;0;0;0;0;0;0;0;0;0;0;0;0;
834006;1;01/01/1971;1;18,5;64,5;24;18;1;1;1;;0;0,0;0,0;0,0;0,0;0,0;5,8;1,5;0,0;1,2;5,2;0,2;0,0;0,7;0,0;0,0;0,0;0,0;11,4;1,3;1,0;0,0;0,0;11,8;18,5;1,4;0,5;0,9;0,6;1,8;0,4;0,3;0;0;0;0;0;0;0;0;0;0;0;0;0;0;0;0;0;0;0;0;0;0;0;0;0;0;0;0;0;0;0;
834006;1;01/12/1970;1;12,0;33,6;10;9;1;1;1;;0;0,0;0,0;0,0;0,0;0,0;0,0;0,1;0,0;0,0;12,0;10,0;0,0;0,0;0,0;0,0;0,0;0,0;0,0;0,0;3,0;0,0;2,0;2,7;0,0;0,8;0,0;1,8;0,0;1,2;0,0;0,0;0;0;0;0;0;0;0;0;0;0;0;0;0;0;0;0;0;0;0;0;0;0;0;0;0;0;0;0;0;0;0;
834006;1;01/11/1970;1;14,5;29,5;9;11;1;1;1;;0;0,0;0,0;0,0;1,0;5,5;0,0;0,0;0,5;14,5;0,2;3,1;0,0;0,1;0,0;0,3;0,0;0,0;0,0;0,4;0,0;3,5;0,0;0,0;0,4;0,0;0,0;0,0;0,0;0,0;0,0;;0;0;0;0;0;0;0;0;0;0;0;0;0;0;0;0;0;0;0;0;0;0;0;0;0;0;0;0;0;0;0;
834006;1;01/10/1970;1;4,1;11,9;7;11;1;1;1;;0;0,8;0,0;0,1;0,0;0,1;0,0;4,1;0,4;0,0;0,0;0,0;0,2;1,8;0,0;0,4;1,0;0,0;0,0;0,0;0,0;0,0;0,0;0,0;0,0;0,0;0,2;0,0;0,0;0,0;2,8;0,0;0;0;0;0;0;0;0;0;0;0;0;0;0;0;0;0;0;0;0;0;0;0;0;0;0;0;0;0;0;0;0;
834006;1;01/09/1970;1;21,7;76,2;20;21;1;1;1;;0;0,0;1,8;5,2;1,4;0,0;2,0;0,4;8,4;10,5;4,1;1,0;0,0;2,0;0,6;0,2;0,2;0,2;3,3;0,6;21,7;1,6;0,4;0,0;0,0;0,0;0,0;0,0;0,0;10,0;0,6;;0;0;0;0;0;0;0;0;0;0;0;0;0;0;0;0;0;0;0;0;0;0;0;0;0;0;0;0;0;0;0;
834006;1;01/08/1970;1;55,9;311,3;15;27;1;1;1;;0;10,8;22,3;17,2;10,1;3,2;31,8;6,6;1,5;0,4;6,9;33,6;5,3;18,0;2,0;55,9;26,7;6,0;0,0;0,8;0,9;1,1;0,0;0,0;0,6;10,7;0,0;5,7;2,1;20,4;10,3;0,4;0;0;0;0;0;0;0;0;0;0;0;0;0;0;0;0;0;0;0;0;0;0;0;0;0;0;0;0;0;0;0;
834006;1;01/07/1970;1;133,9;504,5;20;26;1;1;1;;0;7,2;16,2;0,0;3,1;4,1;0,3;0,0;5,4;3,5;0,0;2,1;5,8;0,0;0,4;0,0;4,0;6,8;26,8;75,0;133,9;107,8;1,8;1,0;8,7;20,6;8,0;3,9;27,4;13,2;1,2;16,3;0;0;0;0;0;0;0;0;0;0;0;0;0;0;0;0;0;0;0;0;0;0;0;0;0;0;0;0;0;0;0;
834006;1;01/06/1970;1;99,0;367,3;2;24;1;1;1;;0;9,9;99,0;51,4;2,0;8,3;26,5;4,6;10,1;0,8;5,3;0,5;4,3;0,0;0,0;0,1;0,0;0,0;0,5;14,5;0,0;8,0;64,0;4,2;43,2;0,0;2,6;2,6;0,4;0,3;4,2;;0;0;0;0;0;0;0;0;0;0;0;0;0;0;0;0;0;0;0;0;0;0;0;0;0;0;0;0;0;0;0;
834006;1;01/05/1970;1;55,8;190,0;14;20;1;1;1;;0;2,6;26,2;2,7;3,9;0,0;31,7;0,0;0,0;5,3;0,5;0,0;0,0;10,6;55,8;14,7;5,7;0,7;0,0;0,0;3,9;0,0;0,0;0,0;2,2;2,0;0,0;0,8;0,2;1,6;10,1;8,8;0;0;0;0;0;0;0;0;0;0;0;0;0;0;0;0;0;0;0;0;0;0;0;0;0;0;0;0;0;0;0;
834006;1;01/04/1970;1;73,8;592,4;23;21;1;1;1;;0;5,3;1,0;6,2;0,1;65,4;1,0;0,0;0,0;0,0;0,0;0,0;8,4;0,0;57,7;2,7;0,0;0,0;27,9;0,0;33,7;31,2;28,2;73,8;64,4;44,5;52,8;13,7;38,3;34,0;2,1;;0;0;0;0;0;0;0;0;0;0;0;0;0;0;0;0;0;0;0;0;0;0;0;0;0;0;0;0;0;0;0;
834006;1;01/03/1970;1;66,8;252,7;1;23;1;1;1;;0;66,8;7,5;13,6;0,2;0,0;6,0;0,2;15,6;0,1;0,4;0,0;0,4;25,3;3,6;4,8;0,0;0,0;0,5;22,8;14,4;0,0;3,4;1,1;0,0;1,0;10,2;0,0;9,2;0,0;0,4;45,2;0;0;0;0;0;0;0;0;0;0;0;0;0;0;0;0;0;0;0;0;0;0;0;0;0;0;0;0;0;0;0;
834006;1;01/02/1970;1;33,8;95,8;9;15;1;1;1;;0;0,0;1,7;0,2;0,0;0,0;0,0;4,0;4,8;33,8;3,2;0,6;0,0;0,2;0,1;0,0;0,0;0,1;0,0;0,0;0,0;0,0;12,2;0,5;26,2;1,0;0,0;0,0;7,2;;;;0;0;0;0;0;0;0;0;0;0;0;0;0;0;0;0;0;0;0;0;0;0;0;0;0;0;0;0;0;0;0;
834006;1;01/01/1970;1;30,5;101,4;19;18;1;1;1;;0;0,2;4,4;2,1;1,6;0,0;0,0;0,0;0,0;0,0;0,0;0,0;0,0;4,3;0,0;0,1;3,1;0,0;4,7;30,5;0,6;3,5;26,2;0,2;5,8;0,1;0,0;8,3;5,6;0,1;0,0;0,0;0;0;0;0;0;0;0;0;0;0;0;0;0;0;0;0;0;0;0;0;0;0;0;0;0;0;0;0;0;0;0;
834006;1;01/12/1969;1;20,4;46,8;26;13;1;1;1;;0;0,0;8,6;0,2;0,0;0,2;0,0;5,7;0,0;1,5;0,0;0,0;0,2;0,0;0,0;0,0;0,0;0,0;0,0;0,0;0,8;0,2;4,8;0,0;0,0;3,7;20,4;0,0;0,0;0,2;0,3;0,0;0;0;0;0;0;0;0;0;0;0;0;0;0;0;0;0;0;0;0;0;0;0;0;0;0;0;0;0;0;0;0;
834006;1;01/11/1969;1;13,9;43,2;22;11;1;1;1;;0;0,0;0,2;0,0;2,2;0,0;0,0;0,0;0,0;0,0;0,0;0,0;4,0;0,0;0,0;3,1;6,6;0,0;0,0;3,4;4,5;1,6;13,9;0,0;3,3;0,0;0,0;0,4;0,0;0,0;0,0;;0;0;0;0;0;0;0;0;0;0;0;0;0;0;0;0;0;0;0;0;0;0;0;0;0;0;0;0;0;0;0;
834006;1;01/10/1969;1;4,0;20,1;9;18;1;1;1;;0;0,0;0,0;0,1;1,4;0,3;0,1;0,0;1,0;4,0;2,6;1,4;1,3;0,2;0,6;0,0;0,0;0,0;0,0;0,0;0,2;3,2;0,7;0,0;0,3;0,4;0,5;0,0;1,8;0,0;0,0;0,0;0;0;0;0;0;0;0;0;0;0;0;0;0;0;0;0;0;0;0;0;0;0;0;0;0;0;0;0;0;0;0;
834006;1;01/09/1969;1;16,2;54,4;4;15;1;1;1;;0;0,0;1,0;1,1;16,2;2,2;2,2;0,0;2,9;0,8;2,4;0,0;2,3;0,0;0,0;3,0;0,0;0,0;0,0;0,0;0,0;0,0;0,0;0,4;0,0;0,0;0,0;1,9;1,0;11,2;5,8;;0;0;0;0;0;0;0;0;0;0;0;0;0;0;0;0;0;0;0;0;0;0;0;0;0;0;0;0;0;0;0;
834006;1;01/08/1969;1;75,1;233,9;6;19;1;1;1;;0;4,2;0,0;5,6;47,3;12,4;75,1;29,2;0,7;10,7;1,1;6,6;12,1;0,0;0,8;0,9;0,4;0,0;0,2;0,0;0,0;0,0;0,0;24,8;0,0;0,0;0,8;0,0;0,4;0,0;0,6;0,0;0;0;0;0;0;0;0;0;0;0;0;0;0;0;0;0;0;0;0;0;0;0;0;0;0;0;0;0;0;0;0;
834006;1;01/07/1969;1;58,0;449,6;12;28;1;1;1;;0;4,0;22,0;44,9;10,6;17,5;7,6;13,9;25,4;35,8;7,8;10,4;58,0;31,9;0,1;20,0;0,8;2,0;0,0;46,8;21,9;0,0;6,7;13,4;1,7;13,2;2,7;2,7;19,2;0,4;0,0;8,2;0;0;0;0;0;0;0;0;0;0;0;0;0;0;0;0;0;0;0;0;0;0;0;0;0;0;0;0;0;0;0;
834006;1;01/06/1969;1;135,9;444,9;14;22;1;1;1;;0;0,0;0,0;0,0;0,0;0,0;0,0;0,0;22,7;28,1;4,0;26,7;22,0;14,4;135,9;4,7;3,0;5,0;6,4;7,0;48,9;6,0;0,0;0,3;24,1;14,5;34,6;10,5;9,6;15,5;1,0;;0;0;0;0;0;0;0;0;0;0;0;0;0;0;0;0;0;0;0;0;0;0;0;0;0;0;0;0;0;0;0;
834006;1;01/05/1969;1;66,7;452,0;25;28;1;1;1;;0;0,0;5,3;27,1;13,8;0,0;3,4;3,6;1,2;0,1;0,7;23,8;23,5;2,5;1,2;2,2;0,0;0,2;4,4;48,0;56,9;45,8;0,8;33,6;35,0;66,7;1,6;14,4;0,2;7,8;7,6;20,6;0;0;0;0;0;0;0;0;0;0;0;0;0;0;0;0;0;0;0;0;0;0;0;0;0;0;0;0;0;0;0;
834006;1;01/04/1969;1;18,1;89,7;21;18;1;1;1;;0;1,7;2,0;10,2;0,6;0,0;15,9;12,6;3,2;0,2;1,4;0,0;0,0;0,0;0,0;0,0;0,0;0,0;4,2;0,0;8,6;18,1;0,4;0,8;3,9;2,2;0,0;0,0;0,0;0,9;2,8;;0;0;0;0;0;0;0;0;0;0;0;0;0;0;0;0;0;0;0;0;0;0;0;0;0;0;0;0;0;0;0;
834006;1;01/03/1969;1;33,8;51,6;29;3;1;1;1;;0;0,8;0,0;0,0;0,0;0,0;0,0;0,0;0,0;0,0;0,0;0,0;0,0;0,0;0,0;0,0;0,0;0,0;0,0;0,0;0,0;0,0;0,0;17,0;0,0;0,0;0,0;0,0;0,0;33,8;0,0;0,0;0;0;0;0;0;0;0;0;0;0;0;0;0;0;0;0;0;0;0;0;0;0;0;0;0;0;0;0;0;0;0;
834006;1;01/02/1969;1;18,6;27,4;24;7;1;1;1;;0;0,0;0,0;0,0;0,3;0,0;0,0;0,0;0,0;0,0;0,1;0,0;0,0;0,0;0,0;0,0;0,0;0,0;0,0;0,3;0,0;0,0;3,1;4,8;18,6;0,0;0,2;0,0;0,0;;;;0;0;0;0;0;0;0;0;0;0;0;0;0;0;0;0;0;0;0;0;0;0;0;0;0;0;0;0;0;0;0;
834006;1;01/01/1969;1;35,9;101,6;23;13;1;1;1;;0;0,0;15,0;0,0;0,4;0,0;0,0;0,0;0,0;0,0;0,0;0,0;5,0;0,2;0,0;5,6;14,0;0,3;0,0;0,0;0,0;0,0;16,8;35,9;0,0;0,0;0,0;0,8;4,2;0,1;0,0;3,3;0;0;0;0;0;0;0;0;0;0;0;0;0;0;0;0;0;0;0;0;0;0;0;0;0;0;0;0;0;0;0;
834006;1;01/12/1968;1;21,2;50,8;12;14;1;1;1;;0;0,0;0,0;0,0;4,0;0,0;0,0;0,0;0,0;0,0;0,0;0,0;21,2;0,3;0,8;0,9;7,8;0,3;0,0;1,8;0,0;4,9;0,4;0,2;0,4;1,5;6,3;0,0;0,0;0,0;0,0;0,0;0;0;0;0;0;0;0;0;0;0;0;0;0;0;0;0;0;0;0;0;0;0;0;0;0;0;0;0;0;0;0;
834006;1;01/11/1968;1;1,6;1,8;16;2;1;1;1;;0;0,0;0,0;0,0;0,0;0,0;0,0;0,0;0,0;0,0;0,0;0,0;0,0;0,0;0,0;0,0;1,6;0,0;0,0;0,0;0,0;0,0;0,0;0,0;0,2;0,0;0,0;0,0;0,0;0,0;0,0;;0;0;0;0;0;0;0;0;0;0;0;0;0;0;0;0;0;0;0;0;0;0;0;0;0;0;0;0;0;0;0;
834006;1;01/10/1968;1;16,4;22,3;28;7;1;1;1;;0;0,0;0,1;0,0;0,0;0,0;0,0;0,0;0,0;0,0;0,0;0,0;0,0;0,0;0,0;0,0;0,0;0,3;0,0;0,0;0,0;0,0;0,0;1,8;0,0;0,0;0,0;0,0;16,4;1,2;2,0;0,5;0;0;0;0;0;0;0;0;0;0;0;0;0;0;0;0;0;0;0;0;0;0;0;0;0;0;0;0;0;0;0;
834006;1;01/09/1968;1;16,2;67,4;25;17;1;1;1;;0;0,3;0,0;0,0;0,3;0,0;0,2;8,3;0,0;11,0;3,5;6,4;0,0;0,0;2,6;0,6;0,0;0,0;0,0;0,0;1,1;0,0;0,0;4,3;5,8;16,2;5,8;0,2;0,4;0,4;0,0;;0;0;0;0;0;0;0;0;0;0;0;0;0;0;0;0;0;0;0;0;0;0;0;0;0;0;0;0;0;0;0;
834006;1;01/08/1968;1;32,0;112,2;1;20;1;1;1;;0;32,0;0,0;1,2;0,8;0,4;2,1;7,5;1,7;0,0;0,2;0,0;0,0;0,2;0,0;3,1;0,4;12,4;3,3;1,4;6,2;3,4;0,0;0,0;0,0;13,8;19,6;2,1;0,0;0,4;0,0;0,0;0;0;0;0;0;0;0;0;0;0;0;0;0;0;0;0;0;0;0;0;0;0;0;0;0;0;0;0;0;0;0;
834006;1;01/07/1968;1;42,6;242,4;13;27;1;1;1;;0;0,4;5,2;0,0;2,1;26,1;3,6;0,5;2,0;7,8;8,0;2,3;25,0;42,6;0,2;5,6;2,8;1,2;29,0;23,6;19,3;13,8;5,8;3,2;0,0;0,6;0,3;0,0;3,6;6,8;0,0;1,0;0;0;0;0;0;0;0;0;0;0;0;0;0;0;0;0;0;0;0;0;0;0;0;0;0;0;0;0;0;0;0;
834006;1;01/06/1968;1;38,2;153,8;1;23;1;1;1;;0;38,2;6,9;0,0;3,3;0,1;0,2;0,0;8,2;0,0;0,0;0,3;6,5;5,7;4,8;1,1;2,7;20,2;2,2;1,0;0,0;0,7;7,3;3,7;14,7;0,6;0,0;0,0;0,2;12,4;12,8;;0;0;0;0;0;0;0;0;0;0;0;0;0;0;0;0;0;0;0;0;0;0;0;0;0;0;0;0;0;0;0;
834006;1;01/05/1968;1;14,9;14,9;13;1;1;1;1;;0;0,0;0,0;0,0;0,0;0,0;0,0;0,0;0,0;0,0;0,0;0,0;0,0;14,9;0,0;0,0;0,0;0,0;0,0;0,0;0,0;0,0;0,0;0,0;0,0;0,0;0,0;0,0;0,0;0,0;0,0;0,0;0;0;0;0;0;0;0;0;0;0;0;0;0;0;0;0;0;0;0;0;0;0;0;0;0;0;0;0;0;0;0;
834006;1;01/04/1968;1;50,0;247,6;28;21;1;1;1;;0;29,6;9,1;6,4;11,0;1,4;4,6;0,0;0,0;0,0;0,3;4,1;9,4;6,7;1,3;0,0;1,1;0,0;28,1;8,0;8,5;0,0;0,0;0,0;26,5;0,0;14,1;17,7;50,0;2,0;7,7;;0;0;0;0;0;0;0;0;0;0;0;0;0;0;0;0;0;0;0;0;0;0;0;0;0;0;0;0;0;0;0;
834006;1;01/02/1968;1;0,0;0,0;1;0;1;1;1;;0;0,0;0,0;0,0;0,0;0,0;0,0;0,0;0,0;0,0;0,0;0,0;0,0;0,0;0,0;0,0;0,0;0,0;0,0;0,0;0,0;0,0;0,0;0,0;0,0;0,0;0,0;0,0;0,0;0,0;;;0;0;0;0;0;0;0;0;0;0;0;0;0;0;0;0;0;0;0;0;0;0;0;0;0;0;0;0;0;0;0;
834006;1;01/01/1968;1;87,3;152,8;27;12;1;1;1;;0;0,0;0,0;0,0;0,0;0,0;0,0;0,0;0,0;2,8;0,0;0,0;0,0;0,0;0,0;0,0;3,5;0,2;0,0;0,0;0,0;10,9;10,8;12,5;2,0;0,0;17,2;87,3;2,8;1,8;1,0;0,0;0;0;0;0;0;0;0;0;0;0;0;0;0;0;0;0;0;0;0;0;0;0;0;0;0;0;0;0;0;0;0;
834006;1;01/12/1967;1;18,8;28,6;29;4;1;1;1;;0;0,0;0,0;0,0;0,0;0,5;6,7;0,0;0,0;0,0;0,0;0,0;0,0;0,0;0,0;0,0;0,0;0,0;0,0;0,0;0,0;0,0;0,0;0,0;0,0;0,0;0,0;0,0;2,6;18,8;0,0;0,0;0;0;0;0;0;0;0;0;0;0;0;0;0;0;0;0;0;0;0;0;0;0;0;0;0;0;0;0;0;0;0;
834006;1;01/11/1967;1;3,0;3,3;3;3;1;1;1;;0;0,2;0,0;3,0;0,0;0,0;0,0;0,0;0,0;0,0;0,0;0,0;0,0;0,0;0,1;0,0;0,0;0,0;0,0;0,0;0,0;0,0;0,0;0,0;0,0;0,0;0,0;0,0;0,0;0,0;0,0;;0;0;0;0;0;0;0;0;0;0;0;0;0;0;0;0;0;0;0;0;0;0;0;0;0;0;0;0;0;0;0;
834006;1;01/10/1967;1;8,4;64,5;5;19;1;1;1;;0;7,0;2,3;3,2;6,9;8,4;0,2;4,7;0,5;6,9;3,7;0,0;0,0;0,0;0,0;1,1;3,4;3,9;3,4;2,0;0,1;2,3;0,0;0,0;3,2;1,3;0,0;0,0;0,0;0,0;0,0;0,0;0;0;0;0;0;0;0;0;0;0;0;0;0;0;0;0;0;0;0;0;0;0;0;0;0;0;0;0;0;0;0;
834006;1;01/09/1967;1;8,8;30,0;6;11;1;1;1;;0;0,8;4,2;2,8;0,0;0,0;8,8;0,0;0,0;0,0;0,0;0,1;0,1;8,6;0,0;0,0;0,0;0,0;0,0;0,0;0,0;0,6;0,0;0,1;0,0;0,0;0,0;0,0;0,0;3,0;0,9;;0;0;0;0;0;0;0;0;0;0;0;0;0;0;0;0;0;0;0;0;0;0;0;0;0;0;0;0;0;0;0;
834006;1;01/08/1967;1;74,7;293,7;17;29;1;1;1;;0;9,2;0,9;0,3;1,8;0,3;11,2;43,1;1,1;5,0;0,5;2,0;7,0;12,6;3,3;1,6;0,3;74,7;1,2;19,6;17,2;0,1;10,3;0,0;0,0;25,1;13,1;0,2;1,0;1,7;7,4;21,9;0;0;0;0;0;0;0;0;0;0;0;0;0;0;0;0;0;0;0;0;0;0;0;0;0;0;0;0;0;0;0;
834006;1;01/07/1967;1;50,3;325,7;1;27;1;1;1;;0;50,3;39,6;0,0;13,9;9,8;5,0;3,7;18,6;4,7;0,3;41,1;20,6;1,1;3,8;2,8;0,2;0,0;0,0;2,5;1,5;2,4;0,9;5,4;1,9;2,0;0,0;14,8;4,2;37,4;18,5;18,7;0;0;0;0;0;0;0;0;0;0;0;0;0;0;0;0;0;0;0;0;0;0;0;0;0;0;0;0;0;0;0;
